Columns
1) ticks per sec correction x 1E6
2) ticks between last tick of previous 1/64th sec frame and last of this frame
3) number of encoder counts that apply to 2) above,
  99 no counts
4) divide by 20 to get rps.  20 is the encoder count per revolution.  In this case
  the wheel has 5 black segments (therefore 5 white segments), giving 20 cts per rev
5) Flag that we assume zero speed when the time from the last encoder count has exceeded a threshold (about 2 secs).

Each row is 1/64th sec

999627    1056072     99      60 0
999628    1277464      1      50 0
999628    1294540      1      49 0
999628    1242740      1      51 0
999629    1242292     99      51 0
999628    1815180      1      35 0
999626    1211221      1      52 0
999626    1216583     99      52 0
999626    1400616      1      45 0


999943     903223      1      70 0
999942     894216      1      71 0
999942     827708      1      77 0
999942    1191972      1      53 0
999939     880664      1      72 0
999939     934058      1      68 0
999940     864505      1      74 0
999941    1240774      1      51 0
999940     872504      1      73 0


999939     956318     14     936 0
999941     993944     15     965 0
999939    1023977     15     937 0
999940    1013143     15     947 0
999941    1020777     15     940 0
999942     994109     15     965 0
999942     955998     14     937 0


999940     815975      1      78 0
999940     572665      1     111 0
999939    1514880      2      84 0
999941     845576      1      75 0
999940     652983      1      98 0
999940    1744800      2      73 0
999940    1105530     99      57 0
999940    1824000      2      70 0
999941    1209416      1      52 0
999943     862744      1      74 0
999943    1209602     99      52 0
999942    1349736      1      47 0
999942    1054747      1      60 0
999940    1182583      1      54 0
999942    1112126     99      57 0
999940    2112184     99      30 0
999941    2246856      1      28 0
999942    1531384      1      41 0
999941    1334120     99      47 0
999943    2334184     99      27 0
999940    2917419      1      21 0
999939    1416881     99      45 0
999942    2416937     99      26 0
999943    3416995     99      18 0
999940    1323988     99      48 0
999941    2324050     99      27 0
999940    3324106     99      19 0
999940    4324166     99      14 0
999939    5324232     99      12 0
999939    6324296     99      10 0
999940    7324350     99       8 0
999942    8324410     99       7 0
999943    9324468     99       6 0
999943   10324522     99       6 0
999943   11324576     99       5 0
999942   12324632     99       5 0
999939   13324690     99       4 0
999941   14324752     99       4 0
999940   16324870     99       3 0
999941   17324928     99       3 0
999942   18324988     99       3 0
999941   19325042     99       3 0
999941   20325098     99       3 0
999940   21325160     99       3 0
999940   22325218     99       2 0
999943   23325274     99       2 0
999943   24325330     99       2 0
999943   25325390     99       2 0
999940   26325440     99       2 0
999941   27325502     99       2 0
999941   28325560     99       2 0
999941   29325618     99       2 0
999941   30325682     99       2 0
999940   31325742     99       2 0
999943   32325798     99       1 0

