 'SAMPLE' 2655 04 1 
1514.90	24.31
1480.00	26.50
1455.40	28.26
1436.70	29.63
1422.90	30.68
1412.10	31.50
1404.50	32.14
1398.80	32.62
1394.10	32.98
1390.00	33.28
1387.60	33.50
1385.10	33.71
1384.40	33.85
1383.20	33.99
1386.00	33.92
1388.90	33.81
1388.00	33.71
1389.20	33.66
1389.50	33.63
1389.80	33.62
1389.00	33.59
1389.20	33.56
1390.50	33.54
1390.40	33.51
1391.10	33.46
1392.70	33.40
1393.80	33.34
1394.50	33.27
1395.20	33.21
1396.70	33.14
1398.80	33.07
1399.90	32.98
1400.00	32.90
1402.20	32.81
1403.60	32.73
1404.30	32.64
1406.40	32.54
1407.70	32.46
1408.30	32.37
1410.20	32.29
1411.50	32.19
1413.30	32.11
1414.90	32.02
1415.00	31.92
1417.40	31.83
1418.50	31.74
1420.50	31.64
1421.20	31.56
1423.00	31.47
1424.30	31.38
1426.80	31.29
1427.90	31.19
1429.40	31.09
1430.20	31.02
1431.90	30.93
1433.20	30.85
1434.10	30.77
1435.70	30.70
1437.10	30.61
1438.90	30.53
1440.00	30.43
1441.80	30.35
1442.70	30.27
1444.50	30.18
1445.40	30.10
1447.30	30.00
1448.20	29.92
1450.10	29.84
1451.80	29.75
1452.70	29.68
1454.60	29.60
1455.60	29.52
1456.70	29.44
1458.90	29.35
1459.20	29.27
1461.30	29.20
1462.90	29.11
1463.00	29.04
1465.40	28.95
1466.70	28.87
1467.20	28.81
1468.60	28.72
1470.10	28.65
1471.50	28.57
1472.00	28.49
1474.10	28.41
1475.10	28.34
1477.50	28.26
1478.70	28.18
1479.80	28.11
1480.30	28.04
1482.80	27.97
1483.70	27.89
1484.50	27.83
1486.00	27.75
1487.60	27.68
1488.30	27.61
1490.70	27.53
1491.00	27.46
1492.40	27.39
1494.00	27.31
1495.10	27.23
1496.30	27.17
1498.00	27.09
1499.50	27.03
1500.10	26.95
1502.60	26.87
1503.00	26.80
1504.40	26.73
1505.90	26.66
1507.60	26.58
1508.30	26.52
1509.90	26.46
1510.60	26.39
1512.90	26.32
1513.20	26.26
1514.70	26.20
1515.60	26.15
1516.40	26.08
1518.80	26.00
1519.20	25.94
1520.10	25.86
1522.20	25.79
1523.90	25.71
1525.30	25.64
1526.80	25.55
1528.60	25.49
1529.00	25.40
1531.90	25.33
1533.60	25.24
1534.10	25.17
1536.50	25.08
1537.50	25.00
1539.60	24.93
1540.90	24.86
1541.10	24.78
1543.90	24.72
1544.80	24.65
1545.30	24.59
1547.10	24.51
1548.00	24.45
1549.10	24.39
1551.10	24.31
1552.30	24.24
1553.70	24.19
1555.90	24.10
1556.20	24.05
1558.70	23.98
1559.60	23.91
1561.10	23.84
1562.50	23.76
1563.80	23.70
1565.90	23.62
1566.50	23.57
1567.20	23.51
1569.60	23.44
1570.60	23.37
1572.30	23.31
1573.70	23.23
1574.30	23.16
1576.40	23.09
1577.50	23.04
1578.20	22.98
1579.80	22.90
1581.00	22.85
1582.30	22.79
1583.90	22.72
1585.70	22.65
1586.80	22.60
1587.40	22.55
1589.30	22.48
1590.60	22.42
1591.50	22.35
1593.10	22.28
1594.40	22.23
1596.30	22.17
1597.00	22.10
1599.40	22.03
1600.90	21.96
1601.70	21.91
1603.90	21.83
1604.10	21.77
1605.90	21.71
1607.20	21.65
1608.10	21.59
1609.10	21.53
1611.80	21.47
1612.20	21.41
1613.00	21.35
1614.40	21.29
1616.40	21.24
1617.90	21.18
1618.80	21.12
1620.20	21.06
1621.50	21.01
1622.00	20.94
1623.80	20.90
1625.00	20.85
1626.30	20.79
1627.60	20.74
1628.70	20.67
1632.10	20.51
1634.90	20.46
1635.10	20.40
1636.10	20.34
1638.70	20.29
1639.50	20.23
1640.60	20.18
1642.40	20.13
1643.00	20.06
1644.50	20.01
1645.20	19.97
1646.70	19.92
1647.90	19.87
1649.50	19.82
1650.40	19.76
1651.90	19.71
1653.40	19.66
1654.70	19.60
1655.50	19.56
1656.50	19.50
1658.50	19.45
1659.80	19.39
1660.10	19.34
1661.30	19.29
1663.00	19.24
1664.20	19.20
1665.10	19.15
1666.50	19.08
1668.20	19.04
1669.60	18.99
1670.60	18.95
1671.20	18.90
1672.10	18.85
1674.20	18.80
1675.50	18.75
1676.70	18.71
1677.50	18.66
1678.00	18.62
1680.60	18.55
1681.30	18.51
1682.20	18.46
1683.90	18.41
1684.30	18.36
1686.40	18.33
1687.30	18.28
1688.40	18.23
1689.20	18.18
1691.40	18.13
1692.40	18.09
1693.00	18.05
1694.60	18.00
1695.20	17.95
1696.80	17.91
1698.10	17.87
1699.60	17.82
1700.00	17.78
1701.20	17.73
1702.60	17.69
1703.90	17.65
1704.60	17.61
1705.20	17.57
1706.50	17.52
1708.90	17.48
1709.70	17.44
1710.30	17.40
1711.60	17.36
1712.70	17.32
1713.60	17.27
1714.20	17.23
1715.30	17.19
1716.60	17.16
1717.80	17.12
1719.00	17.07
1720.20	17.05
1721.00	17.00
1722.80	16.96
1723.60	16.92
1724.40	16.88
1725.00	16.85
1726.30	16.81
1727.90	16.77
1728.90	16.74
1729.80	16.70
1730.30	16.66
1731.70	16.62
1732.50	16.59
1733.20	16.55
1734.20	16.51
1735.10	16.46
1736.80	16.43
1737.00	16.40
1738.10	16.36
1739.30	16.32
1740.70	16.29
1741.10	16.26
1743.30	16.21
1744.50	16.18
1745.80	16.14
1746.50	16.10
1747.10	16.07
1748.00	16.04
1749.40	16.00
1750.60	15.96
1751.50	15.92
1752.30	15.89
1753.30	15.86
1754.10	15.82
1755.40	15.78
1756.90	15.75
1757.60	15.72
1758.60	15.67
1759.00	15.64
1760.80	15.61
1761.40	15.57
1763.60	15.53
1763.10	15.50
1765.20	15.47
1765.10	15.43
1766.30	15.40
1768.50	15.35
1769.50	15.33
1770.70	15.30
1771.40	15.26
1772.70	15.22
1773.00	15.20
1774.00	15.16
1775.90	15.13
1776.60	15.09
1776.70	15.07
1777.70	15.04
1778.60	15.00
1779.40	14.97
1780.60	14.95
1781.70	14.92
1782.30	14.88
1783.90	14.85
1784.00	14.82
1785.50	14.80
1786.30	14.76
1787.90	14.74
1788.20	14.71
1789.00	14.68
1789.20	14.65
1790.30	14.62
1791.50	14.60
1792.80	14.56
1793.40	14.54
1794.00	14.51
1795.40	14.48
1796.00	14.45
1797.70	14.42
1798.10	14.39
1799.20	14.36
1800.40	14.33
1801.80	14.30
1802.00	14.28
1803.20	14.24
1803.30	14.21
1804.00	14.18
1805.80	14.16
1806.90	14.12
1807.10	14.10
1808.10	14.07
1809.30	14.05
1810.50	14.02
1811.50	13.99
1811.40	13.96
1812.50	13.94
1813.00	13.91
1814.10	13.89
1815.90	13.86
1816.30	13.83
1817.20	13.81
1817.30	13.79
1818.90	13.76
1819.70	13.73
1820.10	13.71
1821.20	13.69
1822.50	13.65
1822.40	13.64
1823.70	13.61
1824.00	13.59
1825.40	13.57
1826.40	13.53
1826.10	13.51
1827.10	13.49
1828.20	13.46
1829.90	13.44
1830.60	13.41
1831.40	13.38
1832.50	13.37
1832.50	13.34
1834.00	13.31
1834.60	13.29
1835.60	13.26
1836.00	13.22
1837.30	13.21
1838.90	13.18
1839.80	13.15
1840.60	13.13
1840.50	13.11
1841.40	13.08
1842.30	13.06
1843.10	13.04
1843.50	13.01
1844.20	13.00
1845.40	12.97
1846.20	12.96
1847.20	12.94
1847.70	12.90
1848.60	12.89
1849.90	12.86
1850.40	12.83
1851.80	12.82
1852.70	12.79
1852.10	12.77
1853.20	12.75
1854.60	12.72
1855.80	12.71
1855.50	12.69
1856.40	12.65
1857.40	12.65
1858.60	12.62
1858.40	12.60
1859.70	12.59
1860.20	12.56
1861.70	12.54
1862.30	12.51
1863.70	12.50
1863.60	12.47
1864.90	12.45
1865.70	12.43
1866.60	12.41
1867.30	12.38
1867.50	12.37
1868.00	12.34
1871.40	12.27
1871.50	12.26
1872.80	12.23
1873.40	12.22
1874.20	12.19
1874.40	12.17
1875.40	12.15
1876.30	12.13
1877.50	12.11
1878.20	12.09
1878.80	12.07
1879.80	12.05
1880.70	12.03
1881.30	12.01
1882.40	11.99
1882.20	11.97
1883.20	11.95
1884.50	11.93
1885.90	11.91
1885.00	11.89
1886.50	11.87
1887.30	11.85
1889.70	11.80
1889.80	11.77
1890.30	11.77
1891.30	11.75
1892.10	11.72
1892.70	11.71
1893.00	11.69
1894.50	11.67
1895.90	11.64
1895.00	11.64
1896.60	11.62
1897.00	11.59
1897.10	11.58
1898.10	11.57
1899.00	11.55
1899.70	11.53
1900.40	11.52
1901.00	11.50
1902.70	11.48
1904.50	11.43
1904.50	11.41
1905.20	11.40
1906.70	11.37
1906.80	11.37
1907.10	11.35
1907.60	11.33
1908.50	11.32
1909.00	11.30
1910.50	11.28
1911.70	11.26
1913.70	11.20
1914.70	11.19
1915.40	11.16
1915.20	11.15
1916.50	11.12
1917.00	11.11
1918.50	11.09
1920.40	11.04
1920.60	11.02
1921.70	11.01
1921.20	11.00
1922.70	10.98
1923.20	10.96
1923.60	10.95
1924.80	10.94
1925.80	10.91
1925.00	10.90
1926.60	10.89
1926.70	10.87
1927.00	10.86
1928.10	10.85
1929.20	10.82
1929.60	10.82
1930.10	10.80
1931.40	10.78
1931.50	10.77
1932.00	10.75
1933.70	10.73
1933.80	10.72
1934.60	10.70
1935.70	10.68
1935.20	10.67
1936.80	10.66
1937.50	10.64
1937.80	10.63
1938.10	10.62
1938.20	10.60
1939.80	10.59
1940.10	10.57
1940.10	10.56
1941.80	10.55
1942.30	10.53
1942.70	10.51
1943.20	10.50
1944.80	10.49
1944.60	10.47
1945.90	10.46
1946.60	10.44
1946.70	10.43
1947.00	10.41
1947.50	10.40
1948.20	10.38
1949.80	10.37
1949.80	10.35
1950.80	10.35
1950.90	10.33
1951.00	10.31
1952.60	10.31
1952.80	10.29
1953.10	10.28
1953.80	10.27
1954.00	10.25
1955.00	10.24
1955.20	10.23
1956.70	10.22
1956.90	10.20
1957.50	10.19
1957.20	10.18
1958.10	10.17
1958.30	10.16
1959.20	10.15
1960.10	10.13
1960.20	10.12
1961.90	10.10
1961.00	10.10
1962.90	10.08
1962.30	10.07
1963.20	10.06
1963.50	10.05
1964.70	10.04
1964.90	10.03
1965.70	10.01
1966.80	10.00
1966.40	9.98
1967.60	9.98
1967.20	9.96
1968.90	9.95
1969.60	9.94
1969.70	9.93
1970.70	9.91
1970.30	9.90
1971.80	9.90
1972.10	9.87
1972.70	9.87
1973.10	9.86
1973.20	9.84
1974.40	9.84
1974.20	9.82
1975.70	9.81
1975.20	9.79
1976.80	9.78
1977.80	9.77
1977.30	9.76
1978.20	9.75
1978.50	9.73
1979.40	9.72
1979.40	9.71
1980.70	9.69
1980.00	9.69
1981.10	9.68
1982.50	9.66
1982.10	9.65
1984.60	9.62
1984.80	9.61
1985.20	9.59
1986.50	9.58
1986.20	9.56
1987.00	9.56
1987.30	9.55
1988.20	9.53
1989.90	9.53
1989.10	9.51
1990.30	9.50
1990.90	9.49
1991.30	9.48
1993.20	9.44
1993.40	9.43
1994.00	9.42
1994.90	9.41
1995.40	9.38
1996.30	9.38
1996.60	9.36
1997.50	9.35
1998.10	9.34
1998.00	9.33
1998.80	9.33
1999.00	9.31
2000.90	9.31
2000.20	9.29
2001.90	9.28
2001.30	9.27
2002.90	9.26
2002.10	9.25
2003.50	9.24
2003.40	9.23
2004.30	9.22
2004.00	9.21
2005.50	9.20
2005.60	9.19
2006.90	9.19
2006.80	9.16
2007.80	9.16
2007.70	9.15
2008.40	9.14
2008.10	9.13
2010.70	9.10
2011.50	9.09
2011.90	9.09
2012.10	9.07
2012.40	9.06
2012.40	9.06
2013.90	9.05
2013.60	9.04
2014.90	9.03
2014.10	9.02
2014.30	9.02
2015.10	9.01
2015.30	9.00
2016.40	9.00
2016.20	8.98
2017.00	8.97
2017.50	8.96
2018.50	8.96
2018.20	8.95
2019.40	8.94
2019.60	8.93
2020.10	8.92
2020.70	8.91
2021.90	8.91
2021.20	8.89
2023.30	8.87
2023.40	8.86
2024.00	8.85
2024.20	8.85
2025.20	8.83
2025.00	8.83
2026.50	8.81
2026.60	8.81
2026.90	8.81
2027.70	8.79
2027.10	8.78
2028.10	8.78
2028.00	8.76
2029.40	8.76
2029.20	8.75
2030.90	8.74
2030.00	8.73
2031.80	8.72
2031.40	8.71
2031.00	8.71
2032.80	8.69
2032.10	8.70
2033.90	8.68
2033.20	8.68
2034.30	8.66
2034.70	8.66
2035.50	8.66
2035.00	8.64
2036.40	8.64
2036.00	8.63
2037.70	8.61
2037.30	8.61
2038.90	8.60
2038.60	8.59
2039.90	8.58
2039.50	8.57
2040.40	8.56
2040.90	8.56
2041.50	8.55
2041.80	8.54
2042.00	8.54
2042.00	8.52
2043.80	8.51
2043.20	8.51
2043.80	8.49
2044.30	8.49
2044.80	8.49
2045.00	8.47
2045.80	8.47
2046.60	8.46
2046.10	8.45
2046.50	8.45
2047.90	8.44
2047.10	8.43
2048.80	8.42
2048.90	8.42
2048.70	8.41
2049.60	8.41
2049.10	8.40
2050.50	8.39
2050.70	8.39
2051.70	8.38
2051.40	8.37
2052.40	8.37
2052.20	8.36
2052.70	8.34
2053.50	8.35
2053.30	8.34
2054.30	8.33
2054.20	8.32
2054.00	8.32
2055.30	8.31
2055.70	8.29
2055.00	8.30
2056.50	8.29
2056.30	8.28
2057.70	8.27
2057.00	8.27
2058.70	8.25
2058.30	8.25
2059.20	8.25
2059.00	8.23
2060.10	8.23
2060.60	8.22
2060.70	8.22
2061.90	8.22
2061.30	8.19
2062.50	8.20
2062.90	8.19
2063.30	8.18
2063.40	8.17
2063.80	8.16
2064.20	8.16
2064.30	8.16
2064.40	8.14
2065.10	8.14
2065.20	8.13
2066.60	8.13
2066.60	8.12
2066.60	8.11
2067.80	8.11
2067.70	8.10
2068.50	8.09
2068.90	8.09
2068.70	8.08
2069.60	8.07
2069.10	8.07
2070.10	8.07
2070.00	8.05
2070.00	8.05
2071.10	8.05
2071.00	8.04
2071.70	8.03
2072.70	8.03
2072.00	8.02
2073.30	8.02
2073.60	8.01
2073.10	8.00
2074.00	8.00
2074.30	8.00
2074.60	7.98
2075.60	7.98
2075.70	7.98
2076.50	7.96
2076.90	7.97
2077.00	7.95
2077.90	7.95
2077.00	7.94
2078.50	7.94
2078.00	7.93
2079.20	7.92
2079.10	7.91
2080.70	7.91
2080.30	7.90
2081.60	7.89
2081.40	7.89
2081.50	7.88
2082.00	7.87
2082.90	7.87
2082.40	7.86
2083.20	7.86
2083.20	7.86
2084.40	7.84
2084.00	7.84
2084.40	7.84
2085.30	7.82
2085.70	7.82
2086.30	7.84
2086.90	7.84
2086.90	7.83
2087.40	7.83
2087.00	7.82
2088.00	7.81
2089.60	7.79
2090.20	7.76
2094.20	7.73
2098.00	7.71
2103.30	7.65
2108.40	7.59
2113.80	7.52
2116.90	7.50
2120.80	7.44
2124.20	7.37
2127.80	7.32
2129.20	7.27
2131.10	7.25
2132.40	7.22
2133.20	7.20
2134.90	7.18
2134.20	7.17
2135.30	7.16
2135.40	7.15
2136.30	7.15
2136.50	7.14
2136.60	7.14
2137.40	7.13
2137.50	7.13
2138.20	7.12
2138.20	7.12
2139.00	7.10
2139.10	7.11
2140.80	7.10
2140.90	7.09
2141.00	7.08
2142.90	7.07
2142.70	7.07
2141.30	7.07
2142.60	7.07
2144.90	7.06
2146.20	7.05
2147.20	7.02
2149.50	7.01
2151.70	6.98
2153.00	6.96
2154.40	6.94
2156.00	6.91
2157.10	6.91
2158.60	6.89
2159.80	6.87
2160.80	6.85
2162.60	6.85
2163.80	6.83
2164.60	6.82
2165.00	6.81
2166.70	6.80
2167.80	6.78
2168.60	6.77
2169.70	6.76
2170.60	6.75
2171.50	6.73
2172.70	6.72
2173.70	6.71
2174.20	6.70
2175.20	6.68
2176.20	6.68
2178.40	6.67
2179.70	6.65
2182.60	6.62
2183.00	6.62
2183.70	6.60
2184.90	6.59
2185.30	6.58
2186.40	6.57
2187.90	6.56
2188.50	6.55
2189.50	6.54
2190.30	6.53
2191.10	6.51
2192.70	6.52
2193.80	6.50
2194.30	6.49
2195.40	6.49
2196.70	6.48
2197.00	6.46
2198.20	6.46
2198.60	6.45
2199.40	6.44
2200.60	6.43
2201.20	6.42
2202.10	6.42
2203.30	6.41
2203.10	6.40
2204.10	6.39
2205.30	6.39
2206.60	6.37
2207.50	6.37
2207.30	6.36
2208.50	6.35
2209.90	6.35
2210.30	6.33
2211.70	6.33
2211.70	6.33
2212.40	6.31
2213.70	6.31
2214.90	6.30
2214.50	6.29
2215.60	6.29
2216.20	6.27
2217.90	6.28
2217.50	6.27
2218.60	6.25
2219.60	6.25
2220.60	6.25
2220.40	6.24
2221.00	6.23
2222.50	6.22
2223.00	6.22
2223.60	6.22
2224.70	6.20
2225.20	6.20
2225.60	6.18
2226.00	6.19
2227.20	6.16
2228.60	6.18
2229.20	6.16
2229.60	6.16
2230.70	6.15
2231.30	6.15
2231.60	6.13
2232.40	6.14
2233.40	6.13
2233.20	6.13
2234.10	6.12
2235.50	6.10
2234.40	6.10
2236.50	6.11
2238.90	6.09
2240.30	6.08
2242.90	6.06
2245.30	6.04
2247.90	6.02
2249.90	6.01
2250.00	5.99
2252.60	5.98
2253.00	5.96
2254.20	5.96
2255.10	5.94
2257.80	5.93
2258.10	5.93
2259.60	5.92
2259.20	5.91
2260.40	5.91
2261.50	5.90
2262.50	5.89
2263.70	5.89
2264.70	5.88
2264.80	5.87
2265.80	5.87
2266.80	5.87
2267.00	5.86
2267.10	5.85
2268.80	5.85
2269.40	5.84
2270.10	5.84
2270.10	5.83
2271.00	5.83
2272.10	5.81
2272.10	5.82
2273.50	5.81
2274.30	5.81
2274.70	5.80
2275.30	5.79
2276.40	5.79
2276.90	5.78
2277.00	5.78
2278.20	5.78
2278.40	5.77
2279.70	5.77
2280.70	5.76
2280.30	5.76
2281.60	5.76
2282.40	5.75
2282.00	5.74
2283.80	5.74
2283.50	5.74
2284.60	5.73
2285.20	5.72
2285.10	5.72
2286.60	5.72
2287.80	5.71
2287.10	5.71
2288.00	5.70
2288.20	5.71
2289.30	5.70
2290.70	5.69
2290.20	5.68
2291.20	5.69
2292.80	5.68
2293.30	5.62
2294.20	5.63
2294.10	5.63
2295.40	5.63
2295.70	5.62
2295.10	5.61
2295.90	5.63
2298.90	5.65
2301.20	5.63
2305.20	5.61
2308.90	5.59
2311.70	5.57
2313.10	5.55
2315.00	5.54
2317.60	5.53
2318.90	5.52
2319.50	5.51
2320.90	5.51
2321.00	5.50
2322.50	5.49
2323.90	5.48
2324.90	5.48
2325.20	5.48
2325.20	5.48
2326.60	5.46
2327.60	5.47
2327.50	5.47
2328.10	5.46
2328.70	5.46
2329.90	5.46
2329.20	5.46
2330.90	5.44
2330.70	5.45
2331.70	5.45
2331.70	5.44
2332.00	5.45
2332.00	5.44
2333.30	5.43
2333.90	5.43
2334.80	5.44
2334.80	5.43
2334.30	5.43
2335.90	5.43
2335.10	5.42
2336.30	5.42
2336.90	5.41
2337.50	5.42
2337.60	5.42
2338.30	5.41
2338.60	5.42
2338.00	5.41
2339.50	5.41
2340.40	5.41
2340.70	5.41
2341.20	5.41
2341.20	5.41
2342.30	5.39
2342.90	5.41
2343.60	5.40
2343.90	5.40
2343.50	5.39
2344.80	5.40
2344.10	5.39
2345.10	5.38
2347.60	5.38
2347.30	5.38
2347.20	5.38
2348.10	5.37
2348.40	5.38
2349.90	5.36
2349.40	5.37
2350.90	5.37
2350.80	5.36
2351.70	5.37
2351.90	5.36
2352.70	5.36
2352.60	5.36
2353.20	5.36
2353.60	5.36
2354.70	5.35
2354.30	5.35
2355.00	5.35
2355.30	5.35
2356.20	5.35
2356.00	5.34
2357.00	5.35
2357.90	5.34
2358.90	5.34
2358.50	5.34
2359.80	5.34
2359.30	5.34
2360.30	5.33
2360.90	5.33
2361.80	5.35
2361.50	5.30
2362.50	5.34
2362.60	5.33
2363.40	5.33
2363.40	5.33
2364.20	5.33
2364.90	5.32
2365.70	5.32
2365.60	5.32
2366.30	5.32
2366.10	5.31
2367.90	5.32
2367.40	5.32
2368.90	5.31
2370.00	5.31
2370.10	5.30
2371.50	5.31
2371.70	5.31
2372.60	5.31
2372.90	5.31
2372.50	5.30
2373.70	5.30
2374.70	5.30
2374.80	5.30
2375.60	5.30
2375.80	5.30
2376.10	5.29
2376.50	5.29
2377.90	5.29
2377.30	5.29
2378.10	5.29
2378.00	5.29
2379.50	5.29
2379.90	5.29
2380.70	5.28
2380.10	5.29
2381.80	5.28
2381.20	5.29
2382.90	5.28
2382.20	5.28
2383.20	5.28
2383.70	5.28
2384.50	5.27
2384.50	5.27
2385.50	5.28
2386.20	5.27
2386.80	5.27
2387.50	5.27
2387.00	5.27
2388.10	5.26
2388.60	5.26
2389.30	5.27
2389.60	5.26
2390.00	5.26
2390.20	5.26
2391.70	5.26
2391.80	5.25
2392.20	5.26
2392.90	5.26
2393.00	5.26
2393.30	5.25
2394.60	5.26
2394.80	5.26
2395.50	5.25
2395.60	5.25
2396.00	5.25
2396.80	5.25
2397.40	5.25
2397.50	5.24
2398.80	5.25
2398.20	5.24
2399.10	5.24
2400.10	5.24
2400.40	5.24
2401.50	5.24
2401.50	5.24
2402.80	5.24
2402.30	5.23
2403.40	5.24
2403.90	5.23
2404.20	5.24
2405.20	5.22
2405.30	5.23
2406.00	5.23
2406.40	5.23
2408.40	5.23
2409.50	5.22
2409.60	5.24
2409.70	5.18
2409.10	5.22
2409.10	5.22
2409.80	5.23
2409.40	5.23
2410.50	5.22
2410.20	5.22
2410.90	5.22
2411.60	5.23
2411.30	5.22
2411.90	5.22
2412.20	5.22
2412.10	5.23
2413.60	5.21
2413.30	5.22
2414.90	5.21
2415.60	5.22
2416.60	5.22
2416.90	5.22
2417.50	5.22
2418.40	5.21
2419.50	5.21
2420.60	5.22
2421.00	5.22
2422.40	5.21
2423.70	5.22
2424.60	5.22
2425.10	5.22
2426.50	5.22
2427.80	5.21
2428.80	5.22
2429.40	5.21
2431.50	5.22
2432.20	5.21
2433.70	5.22
2434.50	5.21
2435.30	5.21
2436.50	5.21
2438.60	5.21
2439.30	5.21
2440.40	5.21
2441.10	5.21
2442.20	5.21
2443.40	5.21
2444.90	5.21
2446.90	5.20
2447.10	5.21
2448.50	5.21
2449.20	5.21
2450.70	5.21
2451.10	5.21
2452.50	5.21
2454.20	5.21
2455.40	5.21
2458.80	5.22
2459.70	5.21
2460.10	5.21
2461.60	5.22
2463.00	5.21
2464.20	5.22
2465.70	5.22
2466.50	5.22
2467.40	5.22
2468.80	5.23
2469.20	5.20
2470.10	5.23
2471.40	5.24
2473.90	5.09
2474.90	5.08
2475.40	5.07
2477.60	5.08
2478.40	5.07
2480.40	5.08
2481.60	5.08
2483.30	5.08
2484.90	5.08
2485.40	5.09
2487.30	5.08
2488.00	5.09
2489.30	5.09
2491.80	5.09
2492.00	5.10
2493.20	5.09
2494.00	5.10
2495.10	5.09
2497.00	5.11
2498.00	5.10
2499.20	5.11
2500.20	5.11
2501.30	5.10
2502.70	5.11
2503.50	5.11
2504.00	5.12
2505.40	5.12
2507.90	5.12
2508.80	5.13
2509.50	5.12
2510.10	5.13
2511.10	5.14
2512.50	5.14
2513.60	5.14
2514.60	5.14
2515.00	5.15
2516.30	5.15
2517.70	5.15
2518.70	5.16
2519.00	5.16
2520.50	5.16
2521.80	5.16
2522.40	5.16
2523.60	5.17
2524.40	5.18
2525.40	5.17
2526.80	5.17
2527.40	5.18
2528.30	5.19
2529.60	5.19
2530.20	5.20
2532.20	5.19
2532.30	5.20
2534.20	5.21
2535.00	5.21
2535.10	5.21
2536.70	5.22
2538.70	5.21
2539.90	5.22
2539.10	5.23
2540.70	5.23
2541.80	5.23
2542.70	5.24
2543.80	5.25
2544.90	5.24
2545.00	5.25
2546.10	5.26
2548.90	5.26
2548.50	5.26
2550.60	5.26
2551.60	5.26
2551.90	5.26
2552.90	5.26
2553.20	5.27
2553.40	5.26
2554.90	5.28
2554.70	5.29
2555.20	5.29
2555.60	5.29
2555.70	5.30
2556.20	5.31
2556.00	5.31
2557.30	5.33
2558.10	5.33
2559.20	5.33
2560.40	5.34
2562.70	5.34
2563.80	5.35
2564.50	5.36
2566.80	5.36
2567.40	5.37
2568.90	5.37
2569.60	5.38
2570.80	5.38
2572.30	5.39
2573.90	5.40
2574.40	5.40
2575.10	5.41
2576.70	5.41
2577.20	5.42
2578.90	5.42
2579.10	5.43
2580.90	5.43
2581.20	5.44
2582.50	5.44
2583.70	5.45
2583.20	5.46
2584.40	5.46
2585.20	5.46
2586.20	5.47
2587.00	5.48
2588.10	5.48
2589.20	5.48
2590.10	5.48
2591.60	5.49
2591.80	5.50
2592.40	5.50
2593.70	5.51
2594.30	5.51
2595.30	5.52
2595.30	5.52
2596.40	5.52
2597.40	5.53
2598.50	5.53
2599.90	5.54
2599.30	5.54
2600.90	5.55
2601.10	5.55
2602.70	5.55
2603.60	5.56
2603.00	5.57
2604.80	5.57
2605.70	5.58
2605.50	5.58
2606.60	5.59
2607.70	5.59
2608.20	5.60
2608.60	5.61
2609.50	5.61
2610.70	5.61
2611.10	5.61
2611.20	5.60
2612.10	5.61
2613.80	5.65
2613.30	5.64
2614.40	5.64
2615.40	5.64
2615.80	5.66
2616.60	5.66
2618.20	5.67
2619.10	5.68
2620.50	5.66
2621.20	5.67
2622.80	5.70
2623.50	5.46
2623.70	5.96
2623.20	5.68
2623.90	5.69
2622.90	5.69
2622.70	5.69
2622.60	5.69
2622.40	5.69
2622.60	5.69
2623.60	5.71
2623.00	5.70
2623.30	5.70
2624.00	5.71
2625.00	5.72
2625.80	5.73
2626.50	5.73
2626.10	5.73
2627.20	5.74
2628.10	5.74
2628.90	5.74
2629.40	5.75
2630.80	5.76
2631.80	5.76
2631.30	5.77
2632.40	5.77
2633.70	5.78
2633.80	5.78
2634.10	5.78
2635.90	5.79
2636.10	5.81
2636.70	5.81
2637.50	5.81
2638.90	5.81
2639.40	5.82
2639.70	5.83
2640.60	5.84
2641.70	5.84
2641.20	5.84
2642.50	5.84
2643.00	5.86
2644.40	5.86
2644.70	5.87
2645.70	5.87
2646.70	5.88
2646.20	5.88
2647.80	5.89
2648.10	5.90
2648.10	5.90
2649.90	5.90
2650.80	5.91
2650.10	5.92
2651.60	5.91
2652.40	5.93
2652.20	5.93
2653.10	5.93
2654.80	5.94
2654.80	5.95
2655.60	5.94
2655.70	5.96
2656.60	5.96
2657.90	5.97
2657.90	5.98
2658.90	5.98
2659.10	5.98
2659.30	5.99
2660.40	6.00
2661.60	6.00
2661.40	6.00
2662.60	6.01
2662.60	6.02
2663.80	6.02
2664.60	6.03
2664.40	6.03
2665.60	6.06
2666.90	6.03
2666.00	6.05
2666.90	6.03
2666.00	6.04
2666.10	6.05
2667.50	6.05
2667.20	6.06
2669.20	6.07
2669.80	6.08
2670.20	6.08
2671.90	6.09
2672.90	6.10
2672.00	6.11
2673.60	6.11
2674.90	6.12
2675.20	6.13
2676.70	6.13
2677.80	6.14
2679.20	6.16
2680.50	6.17
2681.80	6.18
2681.20	6.18
2682.40	6.19
2683.40	6.20
2684.90	6.21
2684.10	6.20
2685.30	6.22
2686.50	6.23
2687.80	6.24
2687.20	6.23
2688.00	6.25
2689.60	6.25
2689.00	6.26
2690.40	6.27
2691.50	6.28
2691.20	6.28
2692.40	6.28
2693.60	6.30
2694.50	6.30
2694.30	6.30
2695.50	6.32
2695.40	6.32
2696.20	6.33
2697.80	6.33
2698.40	6.33
2698.90	6.35
2699.10	6.35
2700.80	6.37
2700.60	6.36
2702.30	6.39
2703.40	6.39
2703.40	6.40
2704.60	6.41
2705.30	6.41
2705.40	6.42
2706.90	6.43
2707.40	6.43
2707.10	6.44
2708.10	6.44
2708.00	6.45
2709.40	6.45
2710.10	6.46
2710.80	6.48
2711.90	6.48
2711.20	6.48
2712.90	6.49
2712.80	6.50
2713.60	6.50
2714.50	6.51
2714.80	6.51
2715.70	6.52
2715.30	6.53
2716.90	6.53
2717.40	6.54
2717.90	6.55
2718.50	6.54
2718.10	6.56
2719.50	6.56
2719.20	6.57
2720.60	6.58
2720.60	6.58
2721.30	6.59
2722.40	6.59
2722.30	6.60
2723.00	6.60
2723.70	6.61
2724.60	6.62
2725.10	6.63
2726.30	6.64
2726.30	6.65
2727.00	6.66
2727.90	6.66
2728.50	6.66
2728.60	6.67
2729.50	6.68
2729.90	6.69
2730.70	6.68
2731.90	6.70
2731.90	6.70
2732.40	6.70
2732.20	6.71
2733.40	6.72
2733.50	6.73
2733.10	6.73
2734.70	6.74
2735.20	6.73
2735.90	6.74
2736.70	6.74
2736.70	6.75
2737.60	6.75
2737.00	6.76
2738.30	6.76
2738.80	6.78
2739.50	6.78
2739.40	6.78
2740.50	6.79
2740.60	6.80
2740.90	6.80
2741.70	6.81
2742.70	6.82
2742.30	6.82
2743.60	6.82
2743.00	6.83
2743.00	6.83
2744.20	6.85
2744.50	6.85
2745.60	6.86
2745.70	6.85
2746.10	6.86
2746.20	6.88
2747.70	6.88
2747.30	6.88
2748.20	6.89
2748.20	6.90
2749.60	6.90
2749.60	6.90
2750.10	6.91
2750.50	6.91
2751.50	6.92
2751.10	6.93
2751.40	6.93
2752.60	6.94
2752.40	6.95
2753.90	6.95
2753.10	6.96
2754.80	6.96
2754.00	6.97
2754.20	6.97
2755.60	6.98
2755.40	6.99
2756.40	7.00
2756.00	7.00
2757.30	7.01
2757.00	7.01
2758.90	7.02
2758.90	7.02
2759.20	7.02
2759.50	7.03
2759.90	7.05
2760.80	7.05
2760.50	7.05
2761.70	7.06
2761.10	7.07
2762.00	7.07
2762.70	7.07
2763.50	7.08
2763.90	7.09
2763.10	7.09
2764.20	7.10
2764.60	7.10
2765.50	7.11
2765.70	7.11
2765.50	7.12
2767.80	7.14
2767.90	7.15
2768.90	7.15
2768.30	7.15
2768.20	7.16
2769.30	7.17
2769.10	7.17
2770.50	7.18
2770.80	7.18
2771.00	7.19
2771.20	7.20
2771.50	7.20
2772.60	7.21
2772.10	7.21
2773.40	7.22
2773.00	7.23
2773.00	7.22
2774.00	7.23
2774.70	7.25
2775.80	7.25
2775.90	7.25
2776.60	7.25
2776.10	7.26
2776.50	7.27
2777.90	7.27
2777.00	7.28
2778.10	7.29
2778.50	7.30
2779.40	7.30
2779.00	7.31
2780.60	7.31
2780.80	7.32
2780.70	7.32
2781.90	7.34
2781.10	7.34
2782.70	7.34
2782.60	7.35
2783.60	7.36
2783.80	7.36
2783.70	7.37
2784.80	7.37
2784.30	7.38
2784.30	7.39
2785.90	7.39
2785.90	7.40
2786.80	7.40
2786.60	7.41
2786.00	7.41
2787.30	7.41
2787.80	7.42
2788.20	7.43
2788.10	7.43
2788.10	7.44
2789.60	7.45
2789.60	7.45
2789.10	7.46
2790.40	7.46
2790.90	7.46
2790.70	7.47
2791.10	7.47
2791.10	7.48
2791.70	7.48
2792.30	7.49
2792.60	7.50
2793.60	7.50
2793.00	7.51
2793.10	7.51
2794.30	7.51
2794.40	7.52
2794.50	7.52
2795.50	7.53
2795.40	7.53
2795.60	7.54
2796.00	7.54
2796.20	7.55
2796.80	7.55
2797.10	7.56
2797.50	7.57
2797.90	7.57
2797.70	7.56
2798.50	7.58
2798.40	7.58
2798.30	7.59
2799.90	7.59
2799.10	7.60
2799.30	7.60
2800.40	7.60
2800.70	7.61
2800.00	7.61
2801.00	7.62
2801.60	7.62
2801.70	7.63
2802.10	7.63
2802.50	7.64
2802.80	7.64
2803.50	7.67
2803.00	7.59
2803.00	7.65
2803.00	7.65
2803.70	7.65
2803.90	7.66
2804.40	7.66
2804.90	7.67
2804.10	7.67
2804.80	7.68
2805.40	7.69
2805.30	7.69
2805.20	7.69
2806.70	7.70
2806.90	7.70
2806.00	7.70
2807.70	7.71
2807.30	7.72
2807.90	7.72
2808.70	7.73
2808.80	7.74
2808.30	7.73
2809.90	7.74
2809.90	7.74
2809.60	7.75
2809.50	7.75
2810.70	7.77
2810.30	7.76
2810.90	7.77
2811.90	7.77
2811.90	7.77
2811.10	7.78
2811.40	7.78
2812.90	7.79
2812.00	7.79
2812.20	7.79
2812.80	7.80
2813.80	7.81
2813.50	7.81
2813.50	7.81
2813.40	7.82
2814.90	7.82
2814.40	7.82
2814.20	7.83
2815.00	7.84
2815.20	7.83
2815.40	7.84
2815.80	7.84
2815.30	7.85
2816.80	7.85
2816.20	7.86
2816.30	7.85
2816.10	7.87
2817.00	7.86
2817.60	7.87
2817.40	7.87
2817.70	7.88
2818.80	7.88
2818.40	7.88
2818.10	7.89
2819.20	7.90
2819.60	7.90
2819.50	7.91
2820.50	7.91
2820.70	7.91
2820.30	7.92
2820.10	7.92
2821.50	7.92
2821.30	7.93
2821.00	7.93
2821.60	7.94
2822.50	7.94
2822.60	7.94
2822.30	7.95
2822.50	7.95
2823.90	7.96
2823.20	7.96
2823.20	7.96
2823.20	7.97
2824.80	7.97
2824.10	7.97
2824.00	7.98
2824.40	7.98
2824.60	7.99
2825.60	7.99
2825.10	7.99
2825.60	7.99
2826.00	8.00
2826.60	8.00
2826.10	8.01
2826.70	8.01
2826.40	8.02
2827.60	8.02
2827.70	8.02
2827.90	8.02
2827.70	8.03
2828.50	8.03
2828.60	8.04
2828.60	8.03
2828.20	8.05
2829.30	8.04
2829.00	8.05
2829.70	8.06
2829.10	8.06
2829.30	8.06
2830.60	8.07
2830.10	8.07
2830.40	8.08
2830.40	8.08
2831.80	8.08
2831.60	8.09
2831.60	8.09
2831.80	8.09
2831.10	8.10
2832.70	8.10
2832.10	8.10
2832.90	8.10
2832.40	8.11
2833.20	8.12
2833.70	8.11
2833.40	8.12
2834.20	8.13
2834.00	8.13
2834.60	8.14
2834.10	8.14
2834.00	8.14
2835.50	8.14
2835.90	8.15
2835.20	8.14
2835.30	8.16
2835.00	8.15
2836.30	8.16
2836.60	8.17
2836.60	8.17
2836.40	8.17
2836.60	8.17
2836.90	8.18
2837.10	8.18
2837.00	8.18
2837.40	8.19
2837.10	8.19
2837.10	8.19
2837.70	8.19
2838.50	8.20
2838.70	8.19
2838.00	8.20
2838.70	8.20
2838.40	8.21
2839.40	8.21
2839.20	8.22
2839.50	8.22
2839.90	8.22
2839.40	8.22
2839.80	8.23
2840.60	8.23
2840.90	8.23
2840.40	8.23
2840.60	8.24
2840.10	8.23
2840.60	8.24
2841.60	8.25
2841.70	8.25
2841.80	8.24
2841.00	8.24
2841.10	8.25
2841.20	8.25
2841.30	8.25
2841.50	8.26
2841.00	8.26
2841.50	8.26
2841.10	8.26
2842.30	8.27
2842.50	8.27
2842.30	8.27
2842.90	8.28
2842.40	8.28
2842.50	8.27
2842.40	8.29
2842.10	8.28
2843.20	8.28
2843.90	8.29
2843.60	8.29
2843.90	8.29
2843.20	8.29
2843.60	8.29
2843.50	8.30
2843.50	8.30
2843.10	8.30
2843.80	8.30
2844.70	8.31
2844.30	8.31
2844.20	8.31
2844.60	8.31
2844.90	8.31
2844.00	8.32
2844.00	8.31
2844.10	8.32
2844.90	8.32
2844.30	8.32
2844.60	8.32
2845.40	8.33
2845.40	8.33
2845.50	8.33
2845.20	8.33
2845.50	8.34
2845.70	8.33
2845.80	8.33
2845.20	8.34
2845.50	8.34
2845.70	8.34
2845.10	8.34
2845.20	8.34
2846.00	8.34
2846.80	8.35
2846.40	8.35
2846.80	8.35
2846.00	8.35
2846.20	8.36
2846.10	8.35
2846.10	8.36
2846.20	8.36
2846.10	8.36
2846.30	8.36
2846.00	8.36
2846.50	8.37
2846.90	8.37
2847.30	8.37
2847.50	8.37
2847.10	8.37
2847.90	8.38
2847.60	8.37
2847.00	8.38
2847.60	8.39
2847.60	8.37
2847.40	8.39
2847.50	8.39
2847.80	8.38
2848.60	8.39
2848.30	8.40
2848.70	8.39
2848.60	8.39
2848.60	8.39
2848.40	8.40
2848.20	8.39
2848.80	8.40
2848.10	8.40
2848.90	8.40
2848.50	8.40
2848.60	8.40
2848.70	8.41
2848.60	8.40
2848.00	8.41
2848.00	8.40
2849.40	8.41
2849.40	8.41
2849.60	8.42
2849.30	8.41
2849.50	8.41
2849.70	8.42
2849.60	8.42
2849.20	8.41
2849.80	8.42
2849.40	8.42
2849.50	8.42
2849.60	8.43
2849.40	8.42
2849.50	8.42
2849.60	8.42
2849.80	8.42
2849.50	8.43
2849.50	8.43
2849.90	8.42
2849.80	8.43
2850.50	8.43
2850.10	8.43
2850.00	8.43
2850.10	8.43
2850.60	8.43
2850.70	8.44
2850.10	8.43
2850.90	8.43
2850.40	8.44
2850.70	8.43
2850.50	8.44
2850.40	8.44
2850.70	8.44
2850.70	8.44
2850.70	8.44
2850.40	8.44
2850.20	8.44
2850.50	8.44
2850.10	8.45
2850.10	8.44
2850.80	8.44
2850.20	8.44
2850.90	8.45
2850.80	8.45
2850.90	8.45
2850.70	8.45
2850.00	8.45
2850.30	8.45
2850.70	8.45
2850.30	8.45
2850.40	8.45
2850.40	8.45
2850.20	8.46
2850.80	8.45
2850.20	8.44
2850.40	8.45
2850.80	8.46
2850.00	8.45
2850.00	8.45
2850.80	8.45
2850.40	8.45
2850.80	8.46
2850.40	8.46
2850.90	8.45
2850.40	8.46
2850.80	8.45
2850.10	8.46
2850.80	8.46
2850.80	8.45
2850.70	8.45
2850.30	8.45
2850.20	8.46
2850.10	8.46
2850.50	8.44
2850.80	8.45
2850.30	8.46
2850.30	8.45
2850.20	8.45
2850.90	8.45
2850.70	8.45
2850.00	8.45
2850.10	8.45
2850.60	8.44
2850.60	8.46
2849.00	8.48
2846.80	8.53
2845.40	8.51
2847.90	8.58
2848.50	8.61
2847.30	8.59
2843.00	8.54
2840.20	8.52
2840.30	8.52
2840.70	8.54
2840.20	8.52
2840.40	8.52
2840.10	8.53
2840.00	8.52
2840.80	8.52
2840.50	8.53
2840.20	8.54
2840.80	8.58
2839.60	8.56
2838.80	8.54
2839.80	8.54
2839.40	8.51
2839.40	8.54
2839.40	8.55
2839.40	8.55
2839.50	8.54
2840.60	8.55
2840.00	8.56
2841.20	8.56
2842.70	8.58
2842.30	8.60
2843.80	8.60
2844.30	8.62
2845.80	8.64
2845.00	8.64
2846.70	8.66
2847.80	8.68
2849.50	8.71
2850.30	8.72
2850.60	8.74
2851.10	8.76
2852.60	8.75
2852.40	8.72
2853.00	8.75
2853.40	8.71
2853.00	8.71
2853.40	8.71
2852.50	8.70
2852.90	8.71
2853.30	8.72
2853.50	8.71
2853.80	8.73
2853.70	8.73
2854.30	8.74
2854.90	8.75
2855.00	8.76
2855.40	8.77
2856.90	8.77
2856.70	8.79
2857.20	8.80
2858.50	8.81
2858.00	8.82
2859.00	8.84
2859.50	8.84
2860.70	8.85
2860.30	8.86
2861.80	8.88
2861.50	8.88
2862.50	8.90
2862.70	8.90
2863.10	8.93
2864.10	8.91
2864.00	8.94
2865.70	8.95
2865.40	8.96
2866.70	8.98
2867.70	8.98
2867.70	9.00
2868.00	9.00
2869.70	9.02
2869.90	9.03
2870.70	9.05
2870.20	9.05
2871.30	9.07
2871.80	9.08
2872.60	9.09
2873.60	9.10
2873.10	9.11
2874.00	9.12
2874.70	9.13
2875.90	9.14
2875.60	9.15
2876.20	9.17
2877.70	9.17
2877.80	9.19
2878.60	9.19
2878.50	9.21
2879.10	9.21
2879.40	9.23
2880.40	9.23
2880.10	9.24
2881.70	9.25
2881.00	9.26
2882.20	9.27
2882.30	9.28
2882.00	9.29
2883.00	9.30
2883.80	9.30
2884.90	9.32
2884.60	9.32
2884.60	9.33
2885.60	9.34
2885.00	9.34
2886.60	9.36
2886.30	9.36
2886.00	9.37
2887.70	9.38
2887.00	9.38
2887.30	9.40
2888.90	9.40
2888.60	9.41
2888.10	9.41
2889.30	9.42
2889.80	9.43
2889.90	9.43
2890.00	9.45
2891.00	9.46
2891.40	9.47
2891.20	9.48
2891.60	9.48
2892.80	9.49
2892.40	9.49
2892.40	9.50
2892.70	9.50
2893.60	9.51
2893.80	9.52
2893.10	9.51
2894.30	9.52
2894.10	9.53
2894.40	9.54
2894.50	9.53
2895.40	9.55
2895.20	9.55
2895.80	9.56
2895.00	9.56
2895.00	9.56
2896.60	9.57
2896.50	9.58
2896.20	9.58
2896.30	9.58
2896.20	9.58
2897.00	9.59
2897.60	9.60
2897.60	9.61
2897.70	9.61
2897.30	9.61
2898.10	9.61
2898.10	9.62
2898.60	9.63
2899.20	9.64
2899.10	9.65
2899.30	9.64
2899.50	9.66
2899.60	9.65
2900.50	9.66
2900.70	9.66
2900.30	9.66
2900.40	9.68
2900.30	9.66
2900.10	9.68
2900.50	9.68
2901.60	9.68
2901.60	9.70
2901.40	9.69
2901.80	9.71
2901.50	9.71
2902.80	9.71
2902.80	9.73
2903.80	9.73
2903.00	9.74
2903.20	9.74
2903.00	9.74
2903.70	9.75
2904.20	9.76
2904.40	9.76
2904.40	9.77
2904.00	9.77
2904.40	9.77
2904.20	9.78
2905.10	9.78
2905.10	9.79
2905.40	9.79
2905.80	9.80
2900.00	9.65
2897.80	9.57
2895.40	9.57
2896.00	9.61
2896.50	9.63
2897.20	9.66
2898.70	9.68
2900.00	9.72
2900.90	9.74
2901.10	9.76
2902.30	9.77
2903.30	9.80
2904.30	9.80
2904.60	9.83
2905.60	9.83
2906.50	9.85
2906.40	9.86
2907.90	9.87
2907.90	9.88
2908.60	9.89
2908.30	9.90
2909.20	9.90
2909.60	9.91
2909.60	9.93
2910.60	9.92
2910.90	9.93
2910.20	9.93
2910.30	9.94
2911.20	9.93
2911.30	9.95
2911.80	9.95
2911.60	9.96
2911.30	9.95
2911.00	9.96
2912.50	9.96
2912.90	9.96
2912.70	9.96
2912.70	9.97
2912.70	9.96
2912.10	9.98
2912.90	9.98
2913.90	9.97
2913.00	9.98
2913.50	9.98
2913.20	9.99
2913.30	9.98
2913.00	9.98
2913.20	9.99
2913.70	9.99
2913.50	9.99
2913.70	10.00
2913.70	9.99
2913.40	10.00
2913.10	9.99
2913.20	10.00
2913.20	9.99
2914.40	10.00
2914.90	10.00
2914.00	10.00
2914.90	10.00
2914.00	10.00
2914.90	10.01
2914.50	10.00
2914.40	10.01
2914.30	10.01
2914.80	10.01
2914.30	10.02
2914.50	10.01
2914.90	10.01
2914.30	10.02
2914.90	10.01
2914.30	10.01
2914.70	10.03
2914.40	10.02
2914.80	10.02
2914.30	10.03
2914.20	10.03
2914.30	10.02
2914.00	10.03
2914.20	10.03
2914.20	10.03
2914.50	10.03
2914.20	10.03
2914.70	10.03
2914.40	10.03
2914.30	10.03
2914.20	10.03
2914.90	10.03
2914.70	10.04
2914.40	10.03
2914.80	10.03
2914.50	10.04
2914.90	10.03
2914.10	10.04
2914.30	10.04
2914.30	10.03
2914.80	10.04
2914.80	10.04
2914.80	10.04
2913.00	10.04
2913.80	10.04
2913.10	10.04
2913.10	10.04
2913.50	10.04
2913.10	10.05
2913.60	10.05
2913.40	10.04
2913.40	10.05
2913.70	10.04
2913.70	10.05
2913.30	10.05
2913.80	10.05
2913.00	10.05
2913.60	10.05
2913.10	10.05
2913.60	10.05
2913.90	10.05
2912.30	10.05
2912.10	10.05
2912.60	10.05
2912.10	10.05
2912.40	10.06
2912.50	10.05
2912.30	10.05
2912.40	10.06
2912.90	10.05
2912.60	10.05
2912.10	10.06
2912.80	10.05
2912.30	10.06
2911.30	10.06
2911.50	10.06
2911.50	10.05
2911.10	10.07
2911.00	10.06
2911.30	10.06
2911.30	10.07
2911.80	10.05
2911.80	10.06
2911.00	10.07
2911.90	10.06
2911.80	10.06
2911.40	10.07
2911.80	10.06
2910.90	10.06
2910.60	10.07
2910.90	10.06
2910.50	10.06
2910.20	10.06
2910.20	10.06
2910.10	10.05
2910.70	10.06
2910.60	10.05
2909.20	10.05
2909.70	10.06
2909.30	10.05
2909.70	10.05
2909.00	10.06
2909.80	10.05
2909.30	10.05
2909.80	10.05
2909.90	10.05
2908.10	10.05
2908.90	10.05
2908.60	10.05
2908.30	10.05
2908.60	10.04
2908.30	10.05
2908.00	10.04
2908.30	10.05
2908.70	10.04
2908.80	10.04
2907.00	10.05
2907.80	10.04
2907.40	10.04
2907.30	10.04
2907.80	10.05
2907.80	10.04
2907.00	10.04
2907.00	10.04
2907.70	10.03
2906.00	10.06
2906.80	10.05
2905.30	10.04
2905.40	10.03
2906.30	10.04
2907.10	10.05
2908.80	10.08
2910.50	10.10
2911.40	10.13
2913.10	10.19
2916.80	10.29
2919.00	10.33
2921.00	10.36
2924.90	10.41
2927.60	10.46
2929.60	10.53
2932.20	10.58
2935.50	10.65
2938.20	10.70
2941.30	10.75
2943.30	10.81
2946.50	10.86
2948.50	10.90
2951.10	10.96
2953.40	11.02
2956.00	11.05
2958.80	11.10
2960.90	11.15
2962.00	11.20
2964.80	11.24
2966.70	11.28
2968.50	11.33
2970.80	11.37
2972.50	11.41
2974.40	11.47
2975.50	11.50
2977.70	11.54
2978.80	11.58
2980.50	11.61
2981.40	11.64
2982.70	11.67
2984.70	11.69
2985.90	11.73
2986.10	11.76
2987.20	11.78
2988.50	11.81
2989.50	11.82
2990.70	11.84
2991.40	11.88
2993.30	11.89
2994.80	11.92
2995.20	11.95
2996.40	11.97
2997.60	12.00
2999.10	12.03
2999.70	12.05
3000.30	12.08
3001.60	12.09
3001.80	12.10
3002.40	12.12
3002.50	12.13
3003.30	12.14
3003.90	12.14
3003.70	12.15
3004.40	12.15
3004.00	12.17
3004.90	12.17
3004.80	12.17
3005.00	12.17
3005.00	12.18
3005.60	12.19
3005.40	12.19
3005.10	12.20
3005.10	12.19
3005.60	12.20
3006.20	12.20
3006.20	12.20
3006.00	12.20
3006.50	12.20
3006.90	12.22
3006.20	12.20
3006.10	12.22
3006.50	12.20
3006.30	12.21
3006.30	12.20
3006.10	12.21
3006.00	12.20
3006.70	12.21
3005.10	12.19
3005.50	12.20
3005.60	12.19
3005.00	12.20
3005.60	12.19
3005.30	12.18
3005.70	12.18
3005.20	12.19
3004.80	12.18
3004.30	12.18
3004.20	12.17
3004.00	12.17
3004.20	12.17
3004.30	12.17
3004.30	12.16
3003.00	12.15
3003.80	12.16
3003.30	12.15
3003.10	12.14
3003.30	12.15
3003.20	12.14
3002.00	12.13
3002.70	12.13
3002.50	12.13
3002.00	12.12
3001.60	12.12
3001.00	12.12
3001.60	12.11
3001.40	12.11
3001.60	12.10
3001.40	12.10
3000.50	12.10
3000.70	12.09
3000.30	12.09
3000.00	12.08
3000.50	12.08
2999.20	12.07
2999.20	12.07
2999.60	12.07
2999.70	12.06
2998.50	12.07
2998.90	12.05
2998.40	12.05
2998.50	12.05
2997.10	12.04
2997.10	12.03
2997.80	12.03
2997.80	12.03
2996.50	12.02
2996.20	12.02
2996.00	12.02
2996.60	11.99
2995.20	12.02
2995.40	12.04
2994.30	12.02
2993.80	11.99
2993.50	12.02
2994.90	11.99
2994.50	11.96
2995.70	11.99
2997.80	12.04
3000.00	12.18
3003.50	12.19
3007.10	12.36
3011.80	12.38
3015.60	12.49
3019.20	12.57
3022.70	12.63
3025.20	12.70
3027.90	12.76
3030.50	12.84
3033.10	12.91
3035.70	12.99
3038.50	13.05
3040.30	13.10
3041.70	13.15
3043.30	13.20
3045.50	13.23
3046.80	13.27
3047.70	13.31
3049.70	13.33
3050.60	13.38
3051.60	13.40
3052.20	13.42
3053.30	13.45
3054.40	13.47
3054.90	13.49
3055.40	13.51
3056.90	13.52
3056.40	13.54
3057.80	13.56
3057.70	13.56
3058.50	13.56
3058.30	13.58
3059.40	13.61
3060.60	13.62
3060.60	13.63

