 'SAMPLE' 2655 04 1 
44.55	21.76
45.92	24.31
47.03	26.50
47.86	28.26
48.49	29.63
48.96	30.68
49.30	31.50
49.57	32.14
49.78	32.62
49.92	32.98
50.05	33.28
50.16	33.50
50.23	33.71
50.26	33.85
50.30	33.99
50.19	33.92
50.12	33.81
50.12	33.71
50.09	33.66
50.09	33.63
50.09	33.62
50.09	33.59
50.09	33.56
50.05	33.54
50.05	33.51
50.02	33.46
49.99	33.40
49.95	33.34
49.92	33.27
49.88	33.21
49.85	33.14
49.78	33.07
49.75	32.98
49.71	32.90
49.64	32.81
49.61	32.73
49.57	32.64
49.51	32.54
49.47	32.46
49.44	32.37
49.37	32.29
49.34	32.19
49.27	32.11
49.23	32.02
49.20	31.92
49.13	31.83
49.10	31.74
49.03	31.64
49.00	31.56
48.93	31.47
48.89	31.38
48.83	31.29
48.79	31.19
48.73	31.09
48.69	31.02
48.66	30.93
48.59	30.85
48.56	30.77
48.52	30.70
48.46	30.61
48.42	30.53
48.36	30.43
48.32	30.35
48.29	30.27
48.22	30.18
48.19	30.10
48.12	30.00
48.09	29.92
48.02	29.84
47.99	29.75
47.96	29.68
47.89	29.60
47.86	29.52
47.82	29.44
47.76	29.35
47.72	29.27
47.66	29.20
47.62	29.11
47.59	29.04
47.52	28.95
47.49	28.87
47.46	28.81
47.42	28.72
47.36	28.65
47.33	28.57
47.29	28.49
47.23	28.41
47.19	28.34
47.13	28.26
47.10	28.18
47.06	28.11
47.03	28.04
46.96	27.97
46.93	27.89
46.90	27.83
46.83	27.75
46.80	27.68
46.77	27.61
46.70	27.53
46.67	27.46
46.64	27.39
46.57	27.31
46.54	27.23
46.51	27.17
46.44	27.09
46.41	27.03
46.38	26.95
46.31	26.87
46.28	26.80
46.25	26.73
46.21	26.66
46.15	26.58
46.12	26.52
46.08	26.46
46.05	26.39
45.99	26.32
45.96	26.26
45.92	26.20
45.89	26.15
45.86	26.08
45.79	26.00
45.76	25.94
45.73	25.86
45.67	25.79
45.63	25.71
45.57	25.64
45.54	25.55
45.47	25.49
45.44	25.40
45.38	25.33
45.31	25.24
45.28	25.17
45.22	25.08
45.18	25.00
45.12	24.93
45.09	24.86
45.06	24.78
44.99	24.72
44.96	24.65
44.93	24.59
44.87	24.51
44.83	24.45
44.80	24.39
44.74	24.31
44.71	24.24
44.68	24.19
44.61	24.10
44.58	24.05
44.52	23.98
44.48	23.91
44.42	23.84
44.39	23.76
44.36	23.70
44.30	23.62
44.26	23.57
44.23	23.51
44.17	23.44
44.14	23.37
44.08	23.31
44.04	23.23
44.01	23.16
43.95	23.09
43.92	23.04
43.89	22.98
43.85	22.90
43.79	22.85
43.76	22.79
43.73	22.72
43.67	22.65
43.64	22.60
43.60	22.55
43.54	22.48
43.51	22.42
43.48	22.35
43.42	22.28
43.39	22.23
43.32	22.17
43.29	22.10
43.23	22.03
43.20	21.96
43.17	21.91
43.11	21.83
43.08	21.77
43.04	21.71
42.98	21.65
42.95	21.59
42.92	21.53
42.86	21.47
42.83	21.41
42.80	21.35
42.77	21.29
42.70	21.24
42.67	21.18
42.64	21.12
42.58	21.06
42.55	21.01
42.52	20.94
42.49	20.90
42.43	20.85
42.40	20.79
42.37	20.74
42.33	20.67
42.21	20.51
42.15	20.46
42.12	20.40
42.09	20.34
42.03	20.29
42.00	20.23
41.97	20.18
41.91	20.13
41.87	20.06
41.84	20.01
41.81	19.97
41.78	19.92
41.75	19.87
41.69	19.82
41.66	19.76
41.63	19.71
41.57	19.66
41.54	19.60
41.51	19.56
41.48	19.50
41.42	19.45
41.39	19.39
41.36	19.34
41.33	19.29
41.27	19.24
41.24	19.20
41.21	19.15
41.18	19.08
41.12	19.04
41.08	18.99
41.05	18.95
41.02	18.90
40.99	18.85
40.93	18.80
40.90	18.75
40.87	18.71
40.84	18.66
40.81	18.62
40.75	18.55
40.72	18.51
40.69	18.46
40.66	18.41
40.63	18.36
40.57	18.33
40.54	18.28
40.51	18.23
40.48	18.18
40.42	18.13
40.39	18.09
40.36	18.05
40.33	18.00
40.30	17.95
40.27	17.91
40.21	17.87
40.18	17.82
40.15	17.78
40.12	17.73
40.09	17.69
40.06	17.65
40.03	17.61
40.00	17.57
39.97	17.52
39.91	17.48
39.88	17.44
39.85	17.40
39.82	17.36
39.79	17.32
39.77	17.27
39.74	17.23
39.71	17.19
39.68	17.16
39.65	17.12
39.59	17.07
39.56	17.05
39.53	17.00
39.50	16.96
39.47	16.92
39.44	16.88
39.41	16.85
39.38	16.81
39.35	16.77
39.32	16.74
39.29	16.70
39.26	16.66
39.23	16.62
39.20	16.59
39.17	16.55
39.14	16.51
39.11	16.46
39.08	16.43
39.05	16.40
39.02	16.36
38.99	16.32
38.97	16.29
38.94	16.26
38.88	16.21
38.85	16.18
38.82	16.14
38.79	16.10
38.76	16.07
38.73	16.04
38.70	16.00
38.67	15.96
38.64	15.92
38.61	15.89
38.58	15.86
38.55	15.82
38.52	15.78
38.50	15.75
38.47	15.72
38.44	15.67
38.41	15.64
38.38	15.61
38.35	15.57
38.29	15.53
38.29	15.50
38.23	15.47
38.23	15.43
38.20	15.40
38.14	15.35
38.11	15.33
38.09	15.30
38.06	15.26
38.03	15.22
38.00	15.20
37.97	15.16
37.94	15.13
37.91	15.09
37.91	15.07
37.88	15.04
37.85	15.00
37.82	14.97
37.79	14.95
37.76	14.92
37.74	14.88
37.71	14.85
37.68	14.82
37.65	14.80
37.62	14.76
37.59	14.74
37.56	14.71
37.53	14.68
37.53	14.65
37.50	14.62
37.47	14.60
37.45	14.56
37.42	14.54
37.39	14.51
37.36	14.48
37.33	14.45
37.30	14.42
37.27	14.39
37.24	14.36
37.21	14.33
37.18	14.30
37.16	14.28
37.13	14.24
37.13	14.21
37.10	14.18
37.07	14.16
37.04	14.12
37.01	14.10
36.98	14.07
36.95	14.05
36.92	14.02
36.90	13.99
36.90	13.96
36.87	13.94
36.84	13.91
36.81	13.89
36.78	13.86
36.75	13.83
36.72	13.81
36.72	13.79
36.69	13.76
36.67	13.73
36.64	13.71
36.61	13.69
36.58	13.65
36.58	13.64
36.55	13.61
36.52	13.59
36.49	13.57
36.46	13.53
36.46	13.51
36.44	13.49
36.41	13.46
36.38	13.44
36.35	13.41
36.32	13.38
36.29	13.37
36.29	13.34
36.24	13.31
36.24	13.29
36.21	13.26
36.18	13.22
36.15	13.21
36.12	13.18
36.09	13.15
36.06	13.13
36.06	13.11
36.04	13.08
36.01	13.06
35.98	13.04
35.98	13.01
35.95	13.00
35.92	12.97
35.89	12.96
35.86	12.94
35.86	12.90
35.84	12.89
35.81	12.86
35.78	12.83
35.75	12.82
35.72	12.79
35.72	12.77
35.69	12.75
35.66	12.72
35.64	12.71
35.64	12.69
35.61	12.65
35.58	12.65
35.55	12.62
35.55	12.60
35.52	12.59
35.49	12.56
35.47	12.54
35.44	12.51
35.41	12.50
35.41	12.47
35.38	12.45
35.35	12.43
35.32	12.41
35.30	12.38
35.30	12.37
35.27	12.34
35.18	12.27
35.18	12.26
35.15	12.23
35.12	12.22
35.10	12.19
35.10	12.17
35.07	12.15
35.04	12.13
35.01	12.11
34.98	12.09
34.98	12.07
34.96	12.05
34.93	12.03
34.90	12.01
34.87	11.99
34.87	11.97
34.84	11.95
34.81	11.93
34.79	11.91
34.79	11.89
34.76	11.87
34.73	11.85
34.67	11.80
34.67	11.77
34.64	11.77
34.62	11.75
34.59	11.72
34.59	11.71
34.56	11.69
34.53	11.67
34.50	11.64
34.50	11.64
34.48	11.62
34.45	11.59
34.45	11.58
34.42	11.57
34.39	11.55
34.39	11.53
34.36	11.52
34.33	11.50
34.31	11.48
34.25	11.43
34.25	11.41
34.22	11.40
34.19	11.37
34.19	11.37
34.17	11.35
34.17	11.33
34.14	11.32
34.11	11.30
34.08	11.28
34.05	11.26
34.00	11.20
33.97	11.19
33.94	11.16
33.94	11.15
33.91	11.12
33.89	11.11
33.86	11.09
33.80	11.04
33.80	11.02
33.77	11.01
33.77	11.00
33.75	10.98
33.72	10.96
33.72	10.95
33.69	10.94
33.66	10.91
33.66	10.90
33.63	10.89
33.63	10.87
33.61	10.86
33.58	10.85
33.55	10.82
33.55	10.82
33.52	10.80
33.49	10.78
33.49	10.77
33.47	10.75
33.44	10.73
33.44	10.72
33.41	10.70
33.38	10.68
33.38	10.67
33.35	10.66
33.33	10.64
33.33	10.63
33.30	10.62
33.30	10.60
33.27	10.59
33.24	10.57
33.24	10.56
33.22	10.55
33.19	10.53
33.19	10.51
33.16	10.50
33.13	10.49
33.13	10.47
33.10	10.46
33.08	10.44
33.08	10.43
33.05	10.41
33.05	10.40
33.02	10.38
32.99	10.37
32.99	10.35
32.96	10.35
32.96	10.33
32.94	10.31
32.91	10.31
32.91	10.29
32.88	10.28
32.88	10.27
32.85	10.25
32.83	10.24
32.83	10.23
32.80	10.22
32.80	10.20
32.77	10.19
32.77	10.18
32.74	10.17
32.74	10.16
32.72	10.15
32.69	10.13
32.69	10.12
32.66	10.10
32.66	10.10
32.63	10.08
32.63	10.07
32.60	10.06
32.60	10.05
32.58	10.04
32.58	10.03
32.55	10.01
32.52	10.00
32.52	9.98
32.49	9.98
32.49	9.96
32.47	9.95
32.44	9.94
32.44	9.93
32.41	9.91
32.41	9.90
32.38	9.90
32.36	9.87
32.36	9.87
32.33	9.86
32.33	9.84
32.30	9.84
32.30	9.82
32.27	9.81
32.27	9.79
32.24	9.78
32.22	9.77
32.22	9.76
32.19	9.75
32.19	9.73
32.16	9.72
32.16	9.71
32.13	9.69
32.13	9.69
32.11	9.68
32.08	9.66
32.08	9.65
32.02	9.62
32.02	9.61
32.00	9.59
31.97	9.58
31.97	9.56
31.94	9.56
31.94	9.55
31.91	9.53
31.89	9.53
31.89	9.51
31.86	9.50
31.86	9.49
31.83	9.48
31.78	9.44
31.78	9.43
31.75	9.42
31.75	9.41
31.72	9.38
31.69	9.38
31.69	9.36
31.67	9.35
31.64	9.34
31.64	9.33
31.64	9.33
31.61	9.31
31.58	9.31
31.58	9.29
31.56	9.28
31.56	9.27
31.53	9.26
31.53	9.25
31.50	9.24
31.50	9.23
31.47	9.22
31.47	9.21
31.45	9.20
31.45	9.19
31.42	9.19
31.42	9.16
31.39	9.16
31.39	9.15
31.36	9.14
31.36	9.13
31.31	9.10
31.28	9.09
31.28	9.09
31.25	9.07
31.25	9.06
31.25	9.06
31.23	9.05
31.23	9.04
31.20	9.03
31.20	9.02
31.20	9.02
31.17	9.01
31.17	9.00
31.14	9.00
31.14	8.98
31.12	8.97
31.12	8.96
31.09	8.96
31.09	8.95
31.06	8.94
31.06	8.93
31.03	8.92
31.03	8.91
31.01	8.91
31.01	8.89
30.95	8.87
30.95	8.86
30.92	8.85
30.92	8.85
30.90	8.83
30.90	8.83
30.87	8.81
30.87	8.81
30.87	8.81
30.84	8.79
30.84	8.78
30.82	8.78
30.82	8.76
30.79	8.76
30.79	8.75
30.76	8.74
30.76	8.73
30.73	8.72
30.73	8.71
30.73	8.71
30.71	8.69
30.71	8.70
30.68	8.68
30.68	8.68
30.65	8.66
30.65	8.66
30.62	8.66
30.62	8.64
30.60	8.64
30.60	8.63
30.57	8.61
30.57	8.61
30.54	8.60
30.54	8.59
30.51	8.58
30.51	8.57
30.49	8.56
30.49	8.56
30.46	8.55
30.46	8.54
30.43	8.54
30.43	8.52
30.41	8.51
30.41	8.51
30.41	8.49
30.38	8.49
30.38	8.49
30.35	8.47
30.35	8.47
30.32	8.46
30.32	8.45
30.32	8.45
30.30	8.44
30.30	8.43
30.27	8.42
30.27	8.42
30.27	8.41
30.24	8.41
30.24	8.40
30.21	8.39
30.21	8.39
30.19	8.38
30.19	8.37
30.16	8.37
30.16	8.36
30.16	8.34
30.13	8.35
30.13	8.34
30.11	8.33
30.11	8.32
30.11	8.32
30.08	8.31
30.08	8.29
30.08	8.30
30.05	8.29
30.05	8.28
30.02	8.27
30.02	8.27
30.00	8.25
30.00	8.25
29.97	8.25
29.97	8.23
29.94	8.23
29.94	8.22
29.94	8.22
29.92	8.22
29.92	8.19
29.89	8.20
29.89	8.19
29.86	8.18
29.86	8.17
29.86	8.16
29.83	8.16
29.83	8.16
29.83	8.14
29.81	8.14
29.81	8.13
29.78	8.13
29.78	8.12
29.78	8.11
29.75	8.11
29.75	8.10
29.72	8.09
29.72	8.09
29.72	8.08
29.70	8.07
29.70	8.07
29.67	8.07
29.67	8.05
29.67	8.05
29.64	8.05
29.64	8.04
29.64	8.03
29.62	8.03
29.62	8.02
29.59	8.02
29.59	8.01
29.59	8.00
29.56	8.00
29.56	8.00
29.56	7.98
29.54	7.98
29.54	7.98
29.51	7.96
29.51	7.97
29.48	7.95
29.48	7.95
29.48	7.94
29.45	7.94
29.45	7.93
29.43	7.92
29.43	7.91
29.40	7.91
29.40	7.90
29.37	7.89
29.37	7.89
29.37	7.88
29.35	7.87
29.35	7.87
29.35	7.86
29.32	7.86
29.32	7.86
29.29	7.84
29.29	7.84
29.29	7.84
29.26	7.82
29.26	7.82
29.24	7.84
29.24	7.84
29.24	7.83
29.21	7.83
29.21	7.82
29.18	7.81
29.16	7.79
29.13	7.76
29.02	7.73
28.91	7.71
28.78	7.65
28.64	7.59
28.51	7.52
28.43	7.50
28.32	7.44
28.21	7.37
28.13	7.32
28.08	7.27
28.02	7.25
28.00	7.22
27.97	7.20
27.94	7.18
27.94	7.17
27.92	7.16
27.92	7.15
27.89	7.15
27.89	7.14
27.89	7.14
27.86	7.13
27.86	7.13
27.83	7.12
27.83	7.12
27.81	7.10
27.81	7.11
27.78	7.10
27.78	7.09
27.75	7.08
27.73	7.07
27.73	7.07
27.75	7.07
27.73	7.07
27.67	7.06
27.62	7.05
27.59	7.02
27.54	7.01
27.49	6.98
27.43	6.96
27.41	6.94
27.35	6.91
27.32	6.91
27.30	6.89
27.27	6.87
27.24	6.85
27.19	6.85
27.16	6.83
27.14	6.82
27.11	6.81
27.08	6.80
27.06	6.78
27.03	6.77
27.00	6.76
26.98	6.75
26.95	6.73
26.92	6.72
26.90	6.71
26.87	6.70
26.84	6.68
26.82	6.68
26.76	6.67
26.74	6.65
26.66	6.62
26.63	6.62
26.63	6.60
26.60	6.59
26.58	6.58
26.55	6.57
26.52	6.56
26.50	6.55
26.47	6.54
26.44	6.53
26.42	6.51
26.39	6.52
26.36	6.50
26.33	6.49
26.31	6.49
26.28	6.48
26.26	6.46
26.23	6.46
26.23	6.45
26.20	6.44
26.17	6.43
26.15	6.42
26.12	6.42
26.09	6.41
26.09	6.40
26.07	6.39
26.04	6.39
26.02	6.37
25.99	6.37
25.99	6.36
25.96	6.35
25.93	6.35
25.91	6.33
25.88	6.33
25.88	6.33
25.85	6.31
25.83	6.31
25.80	6.30
25.80	6.29
25.78	6.29
25.75	6.27
25.72	6.28
25.72	6.27
25.70	6.25
25.67	6.25
25.64	6.25
25.64	6.24
25.62	6.23
25.59	6.22
25.56	6.22
25.56	6.22
25.54	6.20
25.51	6.20
25.51	6.18
25.48	6.19
25.46	6.16
25.43	6.18
25.40	6.16
25.40	6.16
25.38	6.15
25.35	6.15
25.35	6.13
25.32	6.14
25.30	6.13
25.30	6.13
25.27	6.12
25.24	6.10
25.27	6.10
25.22	6.11
25.16	6.09
25.11	6.08
25.06	6.06
24.98	6.04
24.92	6.02
24.87	6.01
24.84	5.99
24.79	5.98
24.76	5.96
24.74	5.96
24.71	5.94
24.66	5.93
24.63	5.93
24.61	5.92
24.61	5.91
24.58	5.91
24.55	5.90
24.53	5.89
24.50	5.89
24.47	5.88
24.47	5.87
24.45	5.87
24.42	5.87
24.39	5.86
24.39	5.85
24.37	5.85
24.34	5.84
24.31	5.84
24.31	5.83
24.29	5.83
24.26	5.81
24.26	5.82
24.23	5.81
24.21	5.81
24.21	5.80
24.18	5.79
24.15	5.79
24.15	5.78
24.13	5.78
24.10	5.78
24.10	5.77
24.07	5.77
24.05	5.76
24.05	5.76
24.02	5.76
24.00	5.75
24.00	5.74
23.97	5.74
23.97	5.74
23.94	5.73
23.92	5.72
23.92	5.72
23.89	5.72
23.86	5.71
23.86	5.71
23.84	5.70
23.84	5.71
23.81	5.70
23.78	5.69
23.78	5.68
23.76	5.69
23.73	5.68
23.70	5.62
23.68	5.63
23.68	5.63
23.65	5.63
23.65	5.62
23.65	5.61
23.65	5.63
23.57	5.65
23.49	5.63
23.39	5.61
23.31	5.59
23.23	5.57
23.17	5.55
23.12	5.54
23.07	5.53
23.04	5.52
23.02	5.51
22.99	5.51
22.96	5.50
22.94	5.49
22.91	5.48
22.88	5.48
22.86	5.48
22.86	5.48
22.83	5.46
22.80	5.47
22.80	5.47
22.78	5.46
22.78	5.46
22.75	5.46
22.75	5.46
22.73	5.44
22.73	5.45
22.70	5.45
22.70	5.44
22.67	5.45
22.67	5.44
22.65	5.43
22.65	5.43
22.62	5.44
22.62	5.43
22.62	5.43
22.59	5.43
22.59	5.42
22.57	5.42
22.57	5.41
22.54	5.42
22.54	5.42
22.51	5.41
22.51	5.42
22.51	5.41
22.49	5.41
22.46	5.41
22.46	5.41
22.43	5.41
22.43	5.41
22.41	5.39
22.41	5.41
22.38	5.40
22.38	5.40
22.38	5.39
22.36	5.40
22.36	5.39
22.33	5.38
22.28	5.38
22.28	5.38
22.28	5.38
22.25	5.37
22.25	5.38
22.22	5.36
22.22	5.37
22.20	5.37
22.20	5.36
22.17	5.37
22.17	5.36
22.14	5.36
22.14	5.36
22.12	5.36
22.12	5.36
22.09	5.35
22.09	5.35
22.06	5.35
22.06	5.35
22.04	5.35
22.04	5.34
22.01	5.35
22.01	5.34
21.99	5.34
21.99	5.34
21.96	5.34
21.96	5.34
21.93	5.33
21.93	5.33
21.91	5.35
21.91	5.30
21.88	5.34
21.88	5.33
21.85	5.33
21.85	5.33
21.83	5.33
21.83	5.32
21.80	5.32
21.80	5.32
21.77	5.32
21.77	5.31
21.75	5.32
21.75	5.32
21.72	5.31
21.67	5.31
21.67	5.30
21.64	5.31
21.64	5.31
21.62	5.31
21.62	5.31
21.62	5.30
21.59	5.30
21.56	5.30
21.56	5.30
21.54	5.30
21.54	5.30
21.51	5.29
21.51	5.29
21.48	5.29
21.48	5.29
21.46	5.29
21.46	5.29
21.43	5.29
21.43	5.29
21.40	5.28
21.40	5.29
21.38	5.28
21.38	5.29
21.35	5.28
21.35	5.28
21.33	5.28
21.33	5.28
21.30	5.27
21.30	5.27
21.27	5.28
21.25	5.27
21.25	5.27
21.22	5.27
21.22	5.27
21.19	5.26
21.19	5.26
21.17	5.27
21.17	5.26
21.14	5.26
21.14	5.26
21.11	5.26
21.11	5.25
21.09	5.26
21.09	5.26
21.06	5.26
21.06	5.25
21.04	5.26
21.04	5.26
21.01	5.25
21.01	5.25
20.98	5.25
20.98	5.25
20.96	5.25
20.96	5.24
20.93	5.25
20.93	5.24
20.90	5.24
20.88	5.24
20.88	5.24
20.85	5.24
20.85	5.24
20.82	5.24
20.82	5.23
20.80	5.24
20.80	5.23
20.77	5.24
20.75	5.22
20.75	5.23
20.72	5.23
20.72	5.23
20.67	5.23
20.64	5.22
20.64	5.24
20.64	5.18
20.64	5.22
20.64	5.22
20.64	5.23
20.64	5.23
20.61	5.22
20.61	5.22
20.61	5.22
20.59	5.23
20.59	5.22
20.59	5.22
20.56	5.22
20.56	5.23
20.53	5.21
20.53	5.22
20.51	5.21
20.48	5.22
20.45	5.22
20.45	5.22
20.43	5.22
20.40	5.21
20.38	5.21
20.35	5.22
20.32	5.22
20.30	5.21
20.27	5.22
20.24	5.22
20.22	5.22
20.19	5.22
20.16	5.21
20.14	5.22
20.11	5.21
20.06	5.22
20.03	5.21
20.01	5.22
19.98	5.21
19.95	5.21
19.93	5.21
19.87	5.21
19.85	5.21
19.82	5.21
19.79	5.21
19.77	5.21
19.74	5.21
19.72	5.21
19.66	5.20
19.64	5.21
19.61	5.21
19.58	5.21
19.56	5.21
19.53	5.21
19.50	5.21
19.45	5.21
19.43	5.21
19.35	5.22
19.32	5.21
19.29	5.21
19.27	5.22
19.21	5.21
19.19	5.22
19.16	5.22
19.13	5.22
19.11	5.22
19.08	5.23
19.06	5.20
19.03	5.23
19.00	5.24
18.95	5.09
18.92	5.08
18.90	5.07
18.84	5.08
18.82	5.07
18.76	5.08
18.74	5.08
18.69	5.08
18.66	5.08
18.63	5.09
18.58	5.08
18.55	5.09
18.53	5.09
18.47	5.09
18.45	5.10
18.42	5.09
18.40	5.10
18.37	5.09
18.32	5.11
18.29	5.10
18.26	5.11
18.24	5.11
18.21	5.10
18.18	5.11
18.16	5.11
18.13	5.12
18.10	5.12
18.05	5.12
18.02	5.13
18.00	5.12
17.97	5.13
17.95	5.14
17.92	5.14
17.89	5.14
17.87	5.14
17.84	5.15
17.81	5.15
17.79	5.15
17.76	5.16
17.73	5.16
17.71	5.16
17.68	5.16
17.65	5.16
17.63	5.17
17.60	5.18
17.57	5.17
17.55	5.17
17.52	5.18
17.50	5.19
17.47	5.19
17.44	5.20
17.39	5.19
17.39	5.20
17.34	5.21
17.31	5.21
17.31	5.21
17.28	5.22
17.23	5.21
17.20	5.22
17.20	5.23
17.18	5.23
17.15	5.23
17.12	5.24
17.10	5.25
17.07	5.24
17.04	5.25
17.02	5.26
16.97	5.26
16.97	5.26
16.91	5.26
16.89	5.26
16.89	5.26
16.86	5.26
16.83	5.27
16.83	5.26
16.81	5.28
16.81	5.29
16.78	5.29
16.78	5.29
16.78	5.30
16.75	5.31
16.75	5.31
16.73	5.33
16.70	5.33
16.67	5.33
16.65	5.34
16.59	5.34
16.57	5.35
16.54	5.36
16.49	5.36
16.46	5.37
16.43	5.37
16.41	5.38
16.38	5.38
16.33	5.39
16.30	5.40
16.27	5.40
16.25	5.41
16.22	5.41
16.19	5.42
16.17	5.42
16.14	5.43
16.12	5.43
16.09	5.44
16.06	5.44
16.04	5.45
16.04	5.46
16.01	5.46
15.98	5.46
15.96	5.47
15.93	5.48
15.90	5.48
15.88	5.48
15.85	5.48
15.82	5.49
15.82	5.50
15.80	5.50
15.77	5.51
15.74	5.51
15.72	5.52
15.72	5.52
15.69	5.52
15.66	5.53
15.64	5.53
15.61	5.54
15.61	5.54
15.58	5.55
15.56	5.55
15.53	5.55
15.50	5.56
15.50	5.57
15.48	5.57
15.45	5.58
15.45	5.58
15.42	5.59
15.40	5.59
15.37	5.60
15.37	5.61
15.34	5.61
15.32	5.61
15.29	5.61
15.29	5.60
15.26	5.61
15.24	5.65
15.24	5.64
15.21	5.64
15.18	5.64
15.18	5.66
15.16	5.66
15.10	5.67
15.08	5.68
15.05	5.66
15.02	5.67
15.00	5.70
14.97	5.46
14.97	5.96
14.97	5.68
14.97	5.69
15.00	5.69
15.00	5.69
15.00	5.69
15.00	5.69
15.00	5.69
14.97	5.71
14.97	5.70
14.97	5.70
14.94	5.71
14.92	5.72
14.92	5.73
14.89	5.73
14.89	5.73
14.86	5.74
14.84	5.74
14.84	5.74
14.81	5.75
14.78	5.76
14.76	5.76
14.76	5.77
14.73	5.77
14.70	5.78
14.70	5.78
14.68	5.78
14.65	5.79
14.62	5.81
14.62	5.81
14.59	5.81
14.57	5.81
14.54	5.82
14.54	5.83
14.52	5.84
14.49	5.84
14.49	5.84
14.46	5.84
14.43	5.86
14.41	5.86
14.41	5.87
14.38	5.87
14.35	5.88
14.35	5.88
14.33	5.89
14.30	5.90
14.30	5.90
14.27	5.90
14.25	5.91
14.25	5.92
14.22	5.91
14.19	5.93
14.19	5.93
14.17	5.93
14.14	5.94
14.14	5.95
14.11	5.94
14.11	5.96
14.09	5.96
14.06	5.97
14.06	5.98
14.03	5.98
14.01	5.98
14.01	5.99
13.98	6.00
13.95	6.00
13.95	6.00
13.93	6.01
13.93	6.02
13.90	6.02
13.87	6.03
13.87	6.03
13.84	6.06
13.82	6.03
13.82	6.05
13.82	6.03
13.82	6.04
13.82	6.05
13.79	6.05
13.79	6.06
13.74	6.07
13.74	6.08
13.71	6.08
13.68	6.09
13.66	6.10
13.66	6.11
13.63	6.11
13.60	6.12
13.58	6.13
13.55	6.13
13.52	6.14
13.47	6.16
13.44	6.17
13.41	6.18
13.41	6.18
13.39	6.19
13.36	6.20
13.33	6.21
13.33	6.20
13.31	6.22
13.28	6.23
13.25	6.24
13.25	6.23
13.23	6.25
13.20	6.25
13.20	6.26
13.17	6.27
13.15	6.28
13.15	6.28
13.12	6.28
13.09	6.30
13.06	6.30
13.06	6.30
13.04	6.32
13.04	6.32
13.01	6.33
12.98	6.33
12.96	6.33
12.96	6.35
12.93	6.35
12.90	6.37
12.90	6.36
12.85	6.39
12.82	6.39
12.82	6.40
12.79	6.41
12.77	6.41
12.77	6.42
12.74	6.43
12.71	6.43
12.71	6.44
12.69	6.44
12.69	6.45
12.66	6.45
12.63	6.46
12.63	6.48
12.61	6.48
12.61	6.48
12.58	6.49
12.58	6.50
12.55	6.50
12.52	6.51
12.52	6.51
12.50	6.52
12.50	6.53
12.47	6.53
12.44	6.54
12.44	6.55
12.42	6.54
12.42	6.56
12.39	6.56
12.39	6.57
12.36	6.58
12.36	6.58
12.33	6.59
12.31	6.59
12.31	6.60
12.28	6.60
12.28	6.61
12.25	6.62
12.23	6.63
12.20	6.64
12.20	6.65
12.17	6.66
12.17	6.66
12.14	6.66
12.14	6.67
12.12	6.68
12.12	6.69
12.09	6.68
12.06	6.70
12.06	6.70
12.04	6.70
12.04	6.71
12.01	6.72
12.01	6.73
12.01	6.73
11.98	6.74
11.95	6.73
11.95	6.74
11.93	6.74
11.93	6.75
11.90	6.75
11.90	6.76
11.87	6.76
11.87	6.78
11.85	6.78
11.85	6.78
11.82	6.79
11.82	6.80
11.82	6.80
11.79	6.81
11.76	6.82
11.76	6.82
11.74	6.82
11.74	6.83
11.74	6.83
11.71	6.85
11.71	6.85
11.68	6.86
11.68	6.85
11.66	6.86
11.66	6.88
11.63	6.88
11.63	6.88
11.60	6.89
11.60	6.90
11.57	6.90
11.57	6.90
11.55	6.91
11.55	6.91
11.52	6.92
11.52	6.93
11.52	6.93
11.49	6.94
11.49	6.95
11.46	6.95
11.46	6.96
11.44	6.96
11.44	6.97
11.44	6.97
11.41	6.98
11.41	6.99
11.38	7.00
11.38	7.00
11.36	7.01
11.36	7.01
11.33	7.02
11.33	7.02
11.30	7.02
11.30	7.03
11.30	7.05
11.27	7.05
11.27	7.05
11.25	7.06
11.25	7.07
11.22	7.07
11.22	7.07
11.19	7.08
11.19	7.09
11.19	7.09
11.16	7.10
11.16	7.10
11.14	7.11
11.14	7.11
11.14	7.12
11.08	7.14
11.08	7.15
11.06	7.15
11.06	7.15
11.06	7.16
11.03	7.17
11.03	7.17
11.00	7.18
11.00	7.18
10.97	7.19
10.97	7.20
10.97	7.20
10.95	7.21
10.95	7.21
10.92	7.22
10.92	7.23
10.92	7.22
10.89	7.23
10.89	7.25
10.86	7.25
10.86	7.25
10.84	7.25
10.84	7.26
10.84	7.27
10.81	7.27
10.81	7.28
10.78	7.29
10.78	7.30
10.75	7.30
10.75	7.31
10.73	7.31
10.73	7.32
10.73	7.32
10.70	7.34
10.70	7.34
10.67	7.34
10.67	7.35
10.65	7.36
10.65	7.36
10.65	7.37
10.62	7.37
10.62	7.38
10.62	7.39
10.59	7.39
10.59	7.40
10.56	7.40
10.56	7.41
10.56	7.41
10.54	7.41
10.54	7.42
10.51	7.43
10.51	7.43
10.51	7.44
10.48	7.45
10.48	7.45
10.48	7.46
10.45	7.46
10.45	7.46
10.45	7.47
10.43	7.47
10.43	7.48
10.43	7.48
10.40	7.49
10.40	7.50
10.37	7.50
10.37	7.51
10.37	7.51
10.34	7.51
10.34	7.52
10.34	7.52
10.32	7.53
10.32	7.53
10.32	7.54
10.29	7.54
10.29	7.55
10.29	7.55
10.26	7.56
10.26	7.57
10.26	7.57
10.26	7.56
10.23	7.58
10.23	7.58
10.23	7.59
10.21	7.59
10.21	7.60
10.21	7.60
10.18	7.60
10.18	7.61
10.18	7.61
10.15	7.62
10.15	7.62
10.15	7.63
10.12	7.63
10.12	7.64
10.12	7.64
10.10	7.67
10.10	7.59
10.10	7.65
10.10	7.65
10.10	7.65
10.10	7.66
10.07	7.66
10.07	7.67
10.07	7.67
10.07	7.68
10.04	7.69
10.04	7.69
10.04	7.69
10.01	7.70
10.01	7.70
10.01	7.70
9.99	7.71
9.99	7.72
9.99	7.72
9.96	7.73
9.96	7.74
9.96	7.73
9.93	7.74
9.93	7.74
9.93	7.75
9.93	7.75
9.90	7.77
9.90	7.76
9.90	7.77
9.88	7.77
9.88	7.77
9.88	7.78
9.88	7.78
9.85	7.79
9.85	7.79
9.85	7.79
9.85	7.80
9.82	7.81
9.82	7.81
9.82	7.81
9.82	7.82
9.79	7.82
9.79	7.82
9.79	7.83
9.76	7.84
9.76	7.83
9.76	7.84
9.76	7.84
9.76	7.85
9.74	7.85
9.74	7.86
9.74	7.85
9.74	7.87
9.71	7.86
9.71	7.87
9.71	7.87
9.71	7.88
9.68	7.88
9.68	7.88
9.68	7.89
9.65	7.90
9.65	7.90
9.65	7.91
9.63	7.91
9.63	7.91
9.63	7.92
9.63	7.92
9.60	7.92
9.60	7.93
9.60	7.93
9.60	7.94
9.57	7.94
9.57	7.94
9.57	7.95
9.57	7.95
9.54	7.96
9.54	7.96
9.54	7.96
9.54	7.97
9.52	7.97
9.52	7.97
9.52	7.98
9.52	7.98
9.52	7.99
9.49	7.99
9.49	7.99
9.49	7.99
9.46	8.00
9.46	8.00
9.46	8.01
9.46	8.01
9.46	8.02
9.43	8.02
9.43	8.02
9.43	8.02
9.43	8.03
9.40	8.03
9.40	8.04
9.40	8.03
9.40	8.05
9.38	8.04
9.38	8.05
9.38	8.06
9.38	8.06
9.38	8.06
9.35	8.07
9.35	8.07
9.35	8.08
9.35	8.08
9.32	8.08
9.32	8.09
9.32	8.09
9.32	8.09
9.32	8.10
9.29	8.10
9.29	8.10
9.29	8.10
9.29	8.11
9.27	8.12
9.27	8.11
9.27	8.12
9.24	8.13
9.24	8.13
9.24	8.14
9.24	8.14
9.24	8.14
9.21	8.14
9.21	8.15
9.21	8.14
9.21	8.16
9.21	8.15
9.18	8.16
9.18	8.17
9.18	8.17
9.18	8.17
9.18	8.17
9.18	8.18
9.16	8.18
9.16	8.18
9.16	8.19
9.16	8.19
9.16	8.19
9.16	8.19
9.13	8.20
9.13	8.19
9.13	8.20
9.13	8.20
9.13	8.21
9.10	8.21
9.10	8.22
9.10	8.22
9.10	8.22
9.10	8.22
9.10	8.23
9.07	8.23
9.07	8.23
9.07	8.23
9.07	8.24
9.07	8.23
9.07	8.24
9.04	8.25
9.04	8.25
9.04	8.24
9.04	8.24
9.04	8.25
9.04	8.25
9.04	8.25
9.04	8.26
9.04	8.26
9.04	8.26
9.04	8.26
9.02	8.27
9.02	8.27
9.02	8.27
9.02	8.28
9.02	8.28
9.02	8.27
9.02	8.29
9.02	8.28
8.99	8.28
8.99	8.29
8.99	8.29
8.99	8.29
8.99	8.29
8.99	8.29
8.99	8.30
8.99	8.30
8.99	8.30
8.99	8.30
8.96	8.31
8.96	8.31
8.96	8.31
8.96	8.31
8.96	8.31
8.96	8.32
8.96	8.31
8.96	8.32
8.96	8.32
8.96	8.32
8.96	8.32
8.93	8.33
8.93	8.33
8.93	8.33
8.93	8.33
8.93	8.34
8.93	8.33
8.93	8.33
8.93	8.34
8.93	8.34
8.93	8.34
8.93	8.34
8.93	8.34
8.91	8.34
8.91	8.35
8.91	8.35
8.91	8.35
8.91	8.35
8.91	8.36
8.91	8.35
8.91	8.36
8.91	8.36
8.91	8.36
8.91	8.36
8.91	8.36
8.91	8.37
8.91	8.37
8.88	8.37
8.88	8.37
8.88	8.37
8.88	8.38
8.88	8.37
8.88	8.38
8.88	8.39
8.88	8.37
8.88	8.39
8.88	8.39
8.88	8.38
8.85	8.39
8.85	8.40
8.85	8.39
8.85	8.39
8.85	8.39
8.85	8.40
8.85	8.39
8.85	8.40
8.85	8.40
8.85	8.40
8.85	8.40
8.85	8.40
8.85	8.41
8.85	8.40
8.85	8.41
8.85	8.40
8.82	8.41
8.82	8.41
8.82	8.42
8.82	8.41
8.82	8.41
8.82	8.42
8.82	8.42
8.82	8.41
8.82	8.42
8.82	8.42
8.82	8.42
8.82	8.43
8.82	8.42
8.82	8.42
8.82	8.42
8.82	8.42
8.82	8.43
8.82	8.43
8.82	8.42
8.82	8.43
8.79	8.43
8.79	8.43
8.79	8.43
8.79	8.43
8.79	8.43
8.79	8.44
8.79	8.43
8.79	8.43
8.79	8.44
8.79	8.43
8.79	8.44
8.79	8.44
8.79	8.44
8.79	8.44
8.79	8.44
8.79	8.44
8.79	8.44
8.79	8.44
8.79	8.45
8.79	8.44
8.79	8.44
8.79	8.44
8.79	8.45
8.79	8.45
8.79	8.45
8.79	8.45
8.79	8.45
8.79	8.45
8.79	8.45
8.79	8.45
8.79	8.45
8.79	8.45
8.79	8.46
8.79	8.45
8.79	8.44
8.79	8.45
8.79	8.46
8.79	8.45
8.79	8.45
8.79	8.45
8.79	8.45
8.79	8.46
8.79	8.46
8.79	8.45
8.79	8.46
8.79	8.45
8.79	8.46
8.79	8.46
8.79	8.45
8.79	8.45
8.79	8.45
8.79	8.46
8.79	8.46
8.79	8.44
8.79	8.45
8.79	8.46
8.79	8.45
8.79	8.45
8.79	8.45
8.79	8.45
8.79	8.45
8.79	8.45
8.79	8.44
8.79	8.46
8.82	8.48
8.91	8.53
8.93	8.51
8.88	8.58
8.85	8.61
8.88	8.59
8.99	8.54
9.07	8.52
9.07	8.52
9.07	8.54
9.07	8.52
9.07	8.52
9.07	8.53
9.07	8.52
9.07	8.52
9.07	8.53
9.07	8.54
9.07	8.58
9.10	8.56
9.13	8.54
9.10	8.54
9.10	8.51
9.10	8.54
9.10	8.55
9.10	8.55
9.10	8.54
9.07	8.55
9.07	8.56
9.04	8.56
9.02	8.58
9.02	8.60
8.99	8.60
8.96	8.62
8.93	8.64
8.93	8.64
8.91	8.66
8.88	8.68
8.82	8.71
8.79	8.72
8.79	8.74
8.77	8.76
8.74	8.75
8.74	8.72
8.71	8.75
8.71	8.71
8.71	8.71
8.71	8.71
8.74	8.70
8.74	8.71
8.71	8.72
8.71	8.71
8.71	8.73
8.71	8.73
8.68	8.74
8.68	8.75
8.65	8.76
8.65	8.77
8.63	8.77
8.63	8.79
8.60	8.80
8.57	8.81
8.57	8.82
8.54	8.84
8.54	8.84
8.52	8.85
8.52	8.86
8.49	8.88
8.49	8.88
8.46	8.90
8.46	8.90
8.43	8.93
8.40	8.91
8.40	8.94
8.38	8.95
8.38	8.96
8.35	8.98
8.32	8.98
8.32	9.00
8.29	9.00
8.26	9.02
8.26	9.03
8.24	9.05
8.24	9.05
8.21	9.07
8.21	9.08
8.18	9.09
8.15	9.10
8.15	9.11
8.12	9.12
8.12	9.13
8.10	9.14
8.10	9.15
8.07	9.17
8.04	9.17
8.04	9.19
8.01	9.19
8.01	9.21
7.98	9.21
7.98	9.23
7.96	9.23
7.96	9.24
7.93	9.25
7.93	9.26
7.90	9.27
7.90	9.28
7.90	9.29
7.87	9.30
7.87	9.30
7.84	9.32
7.84	9.32
7.84	9.33
7.81	9.34
7.81	9.34
7.79	9.36
7.79	9.36
7.79	9.37
7.76	9.38
7.76	9.38
7.76	9.40
7.73	9.40
7.73	9.41
7.73	9.41
7.70	9.42
7.70	9.43
7.70	9.43
7.67	9.45
7.65	9.46
7.65	9.47
7.65	9.48
7.65	9.48
7.62	9.49
7.62	9.49
7.62	9.50
7.62	9.50
7.59	9.51
7.59	9.52
7.59	9.51
7.56	9.52
7.56	9.53
7.56	9.54
7.56	9.53
7.53	9.55
7.53	9.55
7.53	9.56
7.53	9.56
7.53	9.56
7.51	9.57
7.51	9.58
7.51	9.58
7.51	9.58
7.51	9.58
7.48	9.59
7.48	9.60
7.48	9.61
7.48	9.61
7.48	9.61
7.45	9.61
7.45	9.62
7.45	9.63
7.42	9.64
7.42	9.65
7.42	9.64
7.42	9.66
7.42	9.65
7.39	9.66
7.39	9.66
7.39	9.66
7.39	9.68
7.39	9.66
7.39	9.68
7.39	9.68
7.36	9.68
7.36	9.70
7.36	9.69
7.36	9.71
7.36	9.71
7.34	9.71
7.34	9.73
7.31	9.73
7.31	9.74
7.31	9.74
7.31	9.74
7.31	9.75
7.28	9.76
7.28	9.76
7.28	9.77
7.28	9.77
7.28	9.77
7.28	9.78
7.25	9.78
7.25	9.79
7.25	9.79
7.25	9.80
7.39	9.65
7.48	9.57
7.53	9.57
7.51	9.61
7.51	9.63
7.48	9.66
7.45	9.68
7.39	9.72
7.39	9.74
7.36	9.76
7.34	9.77
7.31	9.80
7.28	9.80
7.28	9.83
7.25	9.83
7.22	9.85
7.22	9.86
7.19	9.87
7.19	9.88
7.17	9.89
7.17	9.90
7.14	9.90
7.14	9.91
7.14	9.93
7.11	9.92
7.11	9.93
7.11	9.93
7.11	9.94
7.08	9.93
7.08	9.95
7.08	9.95
7.08	9.96
7.08	9.95
7.08	9.96
7.05	9.96
7.05	9.96
7.05	9.96
7.05	9.97
7.05	9.96
7.05	9.98
7.05	9.98
7.02	9.97
7.02	9.98
7.02	9.98
7.02	9.99
7.02	9.98
7.02	9.98
7.02	9.99
7.02	9.99
7.02	9.99
7.02	10.00
7.02	9.99
7.02	10.00
7.02	9.99
7.02	10.00
7.02	9.99
7.00	10.00
7.00	10.00
7.00	10.00
7.00	10.00
7.00	10.00
7.00	10.01
7.00	10.00
7.00	10.01
7.00	10.01
7.00	10.01
7.00	10.02
7.00	10.01
7.00	10.01
7.00	10.02
7.00	10.01
7.00	10.01
7.00	10.03
7.00	10.02
7.00	10.02
7.00	10.03
7.00	10.03
7.00	10.02
7.00	10.03
7.00	10.03
7.00	10.03
7.00	10.03
7.00	10.03
7.00	10.03
7.00	10.03
7.00	10.03
7.00	10.03
7.00	10.03
7.00	10.04
7.00	10.03
7.00	10.03
7.00	10.04
7.00	10.03
7.00	10.04
7.00	10.04
7.00	10.03
7.00	10.04
7.00	10.04
7.00	10.04
7.02	10.04
7.02	10.04
7.02	10.04
7.02	10.04
7.02	10.04
7.02	10.05
7.02	10.05
7.02	10.04
7.02	10.05
7.02	10.04
7.02	10.05
7.02	10.05
7.02	10.05
7.02	10.05
7.02	10.05
7.02	10.05
7.02	10.05
7.02	10.05
7.05	10.05
7.05	10.05
7.05	10.05
7.05	10.05
7.05	10.06
7.05	10.05
7.05	10.05
7.05	10.06
7.05	10.05
7.05	10.05
7.05	10.06
7.05	10.05
7.05	10.06
7.08	10.06
7.08	10.06
7.08	10.05
7.08	10.07
7.08	10.06
7.08	10.06
7.08	10.07
7.08	10.05
7.08	10.06
7.08	10.07
7.08	10.06
7.08	10.06
7.08	10.07
7.08	10.06
7.11	10.06
7.11	10.07
7.11	10.06
7.11	10.06
7.11	10.06
7.11	10.06
7.11	10.05
7.11	10.06
7.11	10.05
7.14	10.05
7.14	10.06
7.14	10.05
7.14	10.05
7.14	10.06
7.14	10.05
7.14	10.05
7.14	10.05
7.14	10.05
7.17	10.05
7.17	10.05
7.17	10.05
7.17	10.05
7.17	10.04
7.17	10.05
7.17	10.04
7.17	10.05
7.17	10.04
7.17	10.04
7.19	10.05
7.19	10.04
7.19	10.04
7.19	10.04
7.19	10.05
7.19	10.04
7.19	10.04
7.19	10.04
7.19	10.03
7.22	10.06
7.22	10.05
7.25	10.04
7.25	10.03
7.22	10.04
7.19	10.05
7.17	10.08
7.11	10.10
7.08	10.13
7.02	10.19
6.94	10.29
6.85	10.33
6.80	10.36
6.71	10.41
6.63	10.46
6.57	10.53
6.48	10.58
6.40	10.65
6.31	10.70
6.23	10.75
6.17	10.81
6.08	10.86
6.03	10.90
5.94	10.96
5.88	11.02
5.80	11.05
5.74	11.10
5.68	11.15
5.62	11.20
5.57	11.24
5.51	11.28
5.45	11.33
5.39	11.37
5.34	11.41
5.28	11.47
5.25	11.50
5.19	11.54
5.16	11.58
5.10	11.61
5.08	11.64
5.05	11.67
4.99	11.69
4.96	11.73
4.93	11.76
4.90	11.78
4.87	11.81
4.84	11.82
4.81	11.84
4.79	11.88
4.73	11.89
4.70	11.92
4.67	11.95
4.64	11.97
4.61	12.00
4.55	12.03
4.55	12.05
4.52	12.08
4.49	12.09
4.49	12.10
4.47	12.12
4.47	12.13
4.44	12.14
4.44	12.14
4.44	12.15
4.41	12.15
4.41	12.17
4.41	12.17
4.41	12.17
4.38	12.17
4.38	12.18
4.38	12.19
4.38	12.19
4.38	12.20
4.38	12.19
4.38	12.20
4.35	12.20
4.35	12.20
4.35	12.20
4.35	12.20
4.35	12.22
4.35	12.20
4.35	12.22
4.35	12.20
4.35	12.21
4.35	12.20
4.35	12.21
4.35	12.20
4.35	12.21
4.38	12.19
4.38	12.20
4.38	12.19
4.38	12.20
4.38	12.19
4.38	12.18
4.38	12.18
4.38	12.19
4.41	12.18
4.41	12.18
4.41	12.17
4.41	12.17
4.41	12.17
4.41	12.17
4.41	12.16
4.44	12.15
4.44	12.16
4.44	12.15
4.44	12.14
4.44	12.15
4.44	12.14
4.47	12.13
4.47	12.13
4.47	12.13
4.47	12.12
4.49	12.12
4.49	12.12
4.49	12.11
4.49	12.11
4.49	12.10
4.49	12.10
4.52	12.10
4.52	12.09
4.52	12.09
4.52	12.08
4.52	12.08
4.55	12.07
4.55	12.07
4.55	12.07
4.55	12.06
4.58	12.07
4.58	12.05
4.58	12.05
4.58	12.05
4.61	12.04
4.61	12.03
4.61	12.03
4.61	12.03
4.64	12.02
4.64	12.02
4.64	12.02
4.64	11.99
4.67	12.02
4.67	12.04
4.70	12.02
4.73	11.99
4.73	12.02
4.70	11.99
4.70	11.96
4.67	11.99
4.61	12.04
4.52	12.18
4.44	12.19
4.32	12.36
4.20	12.38
4.08	12.49
3.97	12.57
3.88	12.63
3.79	12.70
3.73	12.76
3.64	12.84
3.55	12.91
3.49	12.99
3.41	13.05
3.35	13.10
3.32	13.15
3.26	13.20
3.20	13.23
3.17	13.27
3.14	13.31
3.08	13.33
3.05	13.38
3.02	13.40
2.99	13.42
2.96	13.45
2.93	13.47
2.93	13.49
2.90	13.51
2.87	13.52
2.87	13.54
2.84	13.56
2.84	13.56
2.81	13.56
2.81	13.58
2.78	13.61
2.75	13.62
2.75	13.63

