 'SAMPLE' 2655 04 1 
1557.90	15.72
1514.90	18.27
1480.00	20.46
1455.40	22.22
1436.70	23.59
1422.90	24.64
1412.10	25.46
1404.50	26.10
1398.80	26.58
1394.10	26.94
1390.00	27.24
1387.60	27.46
1385.10	27.67
1384.40	27.81
1383.20	27.95
1386.00	27.88
1388.90	27.77
1388.00	27.67
1389.20	27.62
1389.50	27.59
1389.80	27.58
1389.00	27.55
1389.20	27.52
1390.50	27.50
1390.40	27.47
1391.10	27.42
1392.70	27.36
1393.80	27.30
1394.50	27.23
1395.20	27.17
1396.70	27.10
1398.80	27.03
1399.90	26.94
1400.00	26.86
1402.20	26.77
1403.60	26.69
1404.30	26.60
1406.40	26.50
1407.70	26.42
1408.30	26.33
1410.20	26.25
1411.50	26.15
1413.30	26.07
1414.90	25.98
1415.00	25.88
1417.40	25.79
1418.50	25.70
1420.50	25.60
1421.20	25.52
1423.00	25.43
1424.30	25.34
1426.80	25.25
1427.90	25.15
1429.40	25.05
1430.20	24.98
1431.90	24.89
1433.20	24.81
1434.10	24.73
1435.70	24.66
1437.10	24.57
1438.90	24.49
1440.00	24.39
1441.80	24.31
1442.70	24.23
1444.50	24.14
1445.40	24.06
1447.30	23.96
1448.20	23.88
1450.10	23.80
1451.80	23.71
1452.70	23.64
1454.60	23.56
1455.60	23.48
1456.70	23.40
1458.90	23.31
1459.20	23.23
1461.30	23.16
1462.90	23.07
1463.00	23.00
1465.40	22.91
1466.70	22.83
1467.20	22.77
1468.60	22.68
1470.10	22.61
1471.50	22.53
1472.00	22.45
1474.10	22.37
1475.10	22.30
1477.50	22.22
1478.70	22.14
1479.80	22.07
1480.30	22.00
1482.80	21.93
1483.70	21.85
1484.50	21.79
1486.00	21.71
1487.60	21.64
1488.30	21.57
1490.70	21.49
1491.00	21.42
1492.40	21.35
1494.00	21.27
1495.10	21.19
1496.30	21.13
1498.00	21.05
1499.50	20.99
1500.10	20.91
1502.60	20.83
1503.00	20.76
1504.40	20.69
1505.90	20.62
1507.60	20.54
1508.30	20.48
1509.90	20.42
1510.60	20.35
1512.90	20.28
1513.20	20.22
1514.70	20.16
1515.60	20.11
1516.40	20.04
1518.80	19.96
1519.20	19.90
1520.10	19.82
1522.20	19.75
1523.90	19.67
1525.30	19.60
1526.80	19.51
1528.60	19.45
1529.00	19.36
1531.90	19.29
1533.60	19.20
1534.10	19.13
1536.50	19.04
1537.50	18.96
1539.60	18.89
1540.90	18.82
1541.10	18.74
1543.90	18.68
1544.80	18.61
1545.30	18.55
1547.10	18.47
1548.00	18.41
1549.10	18.35
1551.10	18.27
1552.30	18.20
1553.70	18.15
1555.90	18.06
1556.20	18.01
1558.70	17.94
1559.60	17.87
1561.10	17.80
1562.50	17.72
1563.80	17.66
1565.90	17.58
1566.50	17.53
1567.20	17.47
1569.60	17.40
1570.60	17.33
1572.30	17.27
1573.70	17.19
1574.30	17.12
1576.40	17.05
1577.50	17.00
1578.20	16.94
1579.80	16.86
1581.00	16.81
1582.30	16.75
1583.90	16.68
1585.70	16.61
1586.80	16.56
1587.40	16.51
1589.30	16.44
1590.60	16.38
1591.50	16.31
1593.10	16.24
1594.40	16.19
1596.30	16.13
1597.00	16.06
1599.40	15.99
1600.90	15.92
1601.70	15.87
1603.90	15.79
1604.10	15.73
1605.90	15.67
1607.20	15.61
1608.10	15.55
1609.10	15.49
1611.80	15.43
1612.20	15.37
1613.00	15.31
1614.40	15.25
1616.40	15.20
1617.90	15.14
1618.80	15.08
1620.20	15.02
1621.50	14.97
1622.00	14.90
1623.80	14.86
1625.00	14.81
1626.30	14.75
1627.60	14.70
1628.70	14.63
1632.10	14.47
1634.90	14.42
1635.10	14.36
1636.10	14.30
1638.70	14.25
1639.50	14.19
1640.60	14.14
1642.40	14.09
1643.00	14.02
1644.50	13.97
1645.20	13.93
1646.70	13.88
1647.90	13.83
1649.50	13.78
1650.40	13.72
1651.90	13.67
1653.40	13.62
1654.70	13.56
1655.50	13.52
1656.50	13.46
1658.50	13.41
1659.80	13.35
1660.10	13.30
1661.30	13.25
1663.00	13.20
1664.20	13.16
1665.10	13.11
1666.50	13.04
1668.20	13.00
1669.60	12.95
1670.60	12.91
1671.20	12.86
1672.10	12.81
1674.20	12.76
1675.50	12.71
1676.70	12.67
1677.50	12.62
1678.00	12.58
1680.60	12.51
1681.30	12.47
1682.20	12.42
1683.90	12.37
1684.30	12.32
1686.40	12.29
1687.30	12.24
1688.40	12.19
1689.20	12.14
1691.40	12.09
1692.40	12.05
1693.00	12.01
1694.60	11.96
1695.20	11.91
1696.80	11.87
1698.10	11.83
1699.60	11.78
1700.00	11.74
1701.20	11.69
1702.60	11.65
1703.90	11.61
1704.60	11.57
1705.20	11.53
1706.50	11.48
1708.90	11.44
1709.70	11.40
1710.30	11.36
1711.60	11.32
1712.70	11.28
1713.60	11.23
1714.20	11.19
1715.30	11.15
1716.60	11.12
1717.80	11.08
1719.00	11.03
1720.20	11.01
1721.00	10.96
1722.80	10.92
1723.60	10.88
1724.40	10.84
1725.00	10.81
1726.30	10.77
1727.90	10.73
1728.90	10.70
1729.80	10.66
1730.30	10.62
1731.70	10.58
1732.50	10.55
1733.20	10.51
1734.20	10.47
1735.10	10.42
1736.80	10.39
1737.00	10.36
1738.10	10.32
1739.30	10.28
1740.70	10.25
1741.10	10.22
1743.30	10.17
1744.50	10.14
1745.80	10.10
1746.50	10.06
1747.10	10.03
1748.00	10.00
1749.40	9.96
1750.60	9.92
1751.50	9.88
1752.30	9.85
1753.30	9.82
1754.10	9.78
1755.40	9.74
1756.90	9.71
1757.60	9.68
1758.60	9.63
1759.00	9.60
1760.80	9.57
1761.40	9.53
1763.60	9.49
1763.10	9.46
1765.20	9.43
1765.10	9.39
1766.30	9.36
1768.50	9.31
1769.50	9.29
1770.70	9.26
1771.40	9.22
1772.70	9.18
1773.00	9.16
1774.00	9.12
1775.90	9.09
1776.60	9.05
1776.70	9.03
1777.70	9.00
1778.60	8.96
1779.40	8.93
1780.60	8.91
1781.70	8.88
1782.30	8.84
1783.90	8.81
1784.00	8.78
1785.50	8.76
1786.30	8.72
1787.90	8.70
1788.20	8.67
1789.00	8.64
1789.20	8.61
1790.30	8.58
1791.50	8.56
1792.80	8.52
1793.40	8.50
1794.00	8.47
1795.40	8.44
1796.00	8.41
1797.70	8.38
1798.10	8.35
1799.20	8.32
1800.40	8.29
1801.80	8.26
1802.00	8.24
1803.20	8.20
1803.30	8.17
1804.00	8.14
1805.80	8.12
1806.90	8.08
1807.10	8.06
1808.10	8.03
1809.30	8.01
1810.50	7.98
1811.50	7.95
1811.40	7.92
1812.50	7.90
1813.00	7.87
1814.10	7.85
1815.90	7.82
1816.30	7.79
1817.20	7.77
1817.30	7.75
1818.90	7.72
1819.70	7.69
1820.10	7.67
1821.20	7.65
1822.50	7.61
1822.40	7.60
1823.70	7.57
1824.00	7.55
1825.40	7.53
1826.40	7.49
1826.10	7.47
1827.10	7.45
1828.20	7.42
1829.90	7.40
1830.60	7.37
1831.40	7.34
1832.50	7.33
1832.50	7.30
1834.00	7.27
1834.60	7.25
1835.60	7.22
1836.00	7.18
1837.30	7.17
1838.90	7.14
1839.80	7.11
1840.60	7.09
1840.50	7.07
1841.40	7.04
1842.30	7.02
1843.10	7.00
1843.50	6.97
1844.20	6.96
1845.40	6.93
1846.20	6.92
1847.20	6.90
1847.70	6.86
1848.60	6.85
1849.90	6.82
1850.40	6.79
1851.80	6.78
1852.70	6.75
1852.10	6.73
1853.20	6.71
1854.60	6.68
1855.80	6.67
1855.50	6.65
1856.40	6.61
1857.40	6.61
1858.60	6.58
1858.40	6.56
1859.70	6.55
1860.20	6.52
1861.70	6.50
1862.30	6.47
1863.70	6.46
1863.60	6.43
1864.90	6.41
1865.70	6.39
1866.60	6.37
1867.30	6.34
1867.50	6.33
1868.00	6.30
1871.40	6.23
1871.50	6.22
1872.80	6.19
1873.40	6.18
1874.20	6.15
1874.40	6.13
1875.40	6.11
1876.30	6.09
1877.50	6.07
1878.20	6.05
1878.80	6.03
1879.80	6.01
1880.70	5.99
1881.30	5.97
1882.40	5.95
1882.20	5.93
1883.20	5.91
1884.50	5.89
1885.90	5.87
1885.00	5.85
1886.50	5.83
1887.30	5.81
1889.70	5.76
1889.80	5.73
1890.30	5.73
1891.30	5.71
1892.10	5.68
1892.70	5.67
1893.00	5.65
1894.50	5.63
1895.90	5.60
1895.00	5.60
1896.60	5.58
1897.00	5.55
1897.10	5.54
1898.10	5.53
1899.00	5.51
1899.70	5.49
1900.40	5.48
1901.00	5.46
1902.70	5.44
1904.50	5.39
1904.50	5.37
1905.20	5.36
1906.70	5.33
1906.80	5.33
1907.10	5.31
1907.60	5.29
1908.50	5.28
1909.00	5.26
1910.50	5.24
1911.70	5.22
1913.70	5.16
1914.70	5.15
1915.40	5.12
1915.20	5.11
1916.50	5.08
1917.00	5.07
1918.50	5.05
1920.40	5.00
1920.60	4.98
1921.70	4.97
1921.20	4.96
1922.70	4.94
1923.20	4.92
1923.60	4.91
1924.80	4.90
1925.80	4.87
1925.00	4.86
1926.60	4.85
1926.70	4.83
1927.00	4.82
1928.10	4.81
1929.20	4.78
1929.60	4.78
1930.10	4.76
1931.40	4.74
1931.50	4.73
1932.00	4.71
1933.70	4.69
1933.80	4.68
1934.60	4.66
1935.70	4.64
1935.20	4.63
1936.80	4.62
1937.50	4.60
1937.80	4.59
1938.10	4.58
1938.20	4.56
1939.80	4.55
1940.10	4.53
1940.10	4.52
1941.80	4.51
1942.30	4.49
1942.70	4.47
1943.20	4.46
1944.80	4.45
1944.60	4.43
1945.90	4.42
1946.60	4.40
1946.70	4.39
1947.00	4.37
1947.50	4.36
1948.20	4.34
1949.80	4.33
1949.80	4.31
1950.80	4.31
1950.90	4.29
1951.00	4.27
1952.60	4.27
1952.80	4.25
1953.10	4.24
1953.80	4.23
1954.00	4.21
1955.00	4.20
1955.20	4.19
1956.70	4.18
1956.90	4.16
1957.50	4.15
1957.20	4.14
1958.10	4.13
1958.30	4.12
1959.20	4.11
1960.10	4.09
1960.20	4.08
1961.90	4.06
1961.00	4.06
1962.90	4.04
1962.30	4.03
1963.20	4.02
1963.50	4.01
1964.70	4.00
1964.90	3.99
1965.70	3.97
1966.80	3.96
1966.40	3.94
1967.60	3.94
1967.20	3.92
1968.90	3.91
1969.60	3.90
1969.70	3.89
1970.70	3.87
1970.30	3.86
1971.80	3.86
1972.10	3.83
1972.70	3.83
1973.10	3.82
1973.20	3.80
1974.40	3.80
1974.20	3.78
1975.70	3.77
1975.20	3.75
1976.80	3.74
1977.80	3.73
1977.30	3.72
1978.20	3.71
1978.50	3.69
1979.40	3.68
1979.40	3.67
1980.70	3.65
1980.00	3.65
1981.10	3.64
1982.50	3.62
1982.10	3.61
1984.60	3.58
1984.80	3.57
1985.20	3.55
1986.50	3.54
1986.20	3.52
1987.00	3.52
1987.30	3.51
1988.20	3.49
1989.90	3.49
1989.10	3.47
1990.30	3.46
1990.90	3.45
1991.30	3.44
1993.20	3.40
1993.40	3.39
1994.00	3.38
1994.90	3.37
1995.40	3.34
1996.30	3.34
1996.60	3.32
1997.50	3.31
1998.10	3.30
1998.00	3.29
1998.80	3.29
1999.00	3.27
2000.90	3.27
2000.20	3.25
2001.90	3.24
2001.30	3.23
2002.90	3.22
2002.10	3.21
2003.50	3.20
2003.40	3.19
2004.30	3.18
2004.00	3.17
2005.50	3.16
2005.60	3.15
2006.90	3.15
2006.80	3.12
2007.80	3.12
2007.70	3.11
2008.40	3.10
2008.10	3.09
2010.70	3.06
2011.50	3.05
2011.90	3.05
2012.10	3.03
2012.40	3.02
2012.40	3.02
2013.90	3.01
2013.60	3.00
2014.90	2.99
2014.10	2.98
2014.30	2.98
2015.10	2.97
2015.30	2.96
2016.40	2.96
2016.20	2.94
2017.00	2.93
2017.50	2.92
2018.50	2.92
2018.20	2.91
2019.40	2.90
2019.60	2.89
2020.10	2.88
2020.70	2.87
2021.90	2.87
2021.20	2.85
2023.30	2.83
2023.40	2.82
2024.00	2.81
2024.20	2.81
2025.20	2.79
2025.00	2.79
2026.50	2.77
2026.60	2.77
2026.90	2.77
2027.70	2.75
2027.10	2.74
2028.10	2.74
2028.00	2.72
2029.40	2.72
2029.20	2.71
2030.90	2.70
2030.00	2.69
2031.80	2.68
2031.40	2.67
2031.00	2.67
2032.80	2.65
2032.10	2.66
2033.90	2.64
2033.20	2.64
2034.30	2.62
2034.70	2.62
2035.50	2.62
2035.00	2.60
2036.40	2.60
2036.00	2.59
2037.70	2.57
2037.30	2.57
2038.90	2.56
2038.60	2.55
2039.90	2.54
2039.50	2.53
2040.40	2.52
2040.90	2.52
2041.50	2.51
2041.80	2.50
2042.00	2.50
2042.00	2.48
2043.80	2.47
2043.20	2.47
2043.80	2.45
2044.30	2.45
2044.80	2.45
2045.00	2.43
2045.80	2.43
2046.60	2.42
2046.10	2.41
2046.50	2.41
2047.90	2.40
2047.10	2.39
2048.80	2.38
2048.90	2.38
2048.70	2.37
2049.60	2.37
2049.10	2.36
2050.50	2.35
2050.70	2.35
2051.70	2.34
2051.40	2.33
2052.40	2.33
2052.20	2.32
2052.70	2.30
2053.50	2.31
2053.30	2.30
2054.30	2.29
2054.20	2.28
2054.00	2.28
2055.30	2.27
2055.70	2.25
2055.00	2.26
2056.50	2.25
2056.30	2.24
2057.70	2.23
2057.00	2.23
2058.70	2.21
2058.30	2.21
2059.20	2.21
2059.00	2.19
2060.10	2.19
2060.60	2.18
2060.70	2.18
2061.90	2.18
2061.30	2.15
2062.50	2.16
2062.90	2.15
2063.30	2.14
2063.40	2.13
2063.80	2.12
2064.20	2.12
2064.30	2.12
2064.40	2.10
2065.10	2.10
2065.20	2.09
2066.60	2.09
2066.60	2.08
2066.60	2.07
2067.80	2.07
2067.70	2.06
2068.50	2.05
2068.90	2.05
2068.70	2.04
2069.60	2.03
2069.10	2.03
2070.10	2.03
2070.00	2.01
2070.00	2.01
2071.10	2.01
2071.00	2.00
2071.70	1.99
2072.70	1.99
2072.00	1.98
2073.30	1.98
2073.60	1.97
2073.10	1.96
2074.00	1.96
2074.30	1.96
2074.60	1.94
2075.60	1.94
2075.70	1.94
2076.50	1.92
2076.90	1.93
2077.00	1.91
2077.90	1.91
2077.00	1.90
2078.50	1.90
2078.00	1.89
2079.20	1.88
2079.10	1.87
2080.70	1.87
2080.30	1.86
2081.60	1.85
2081.40	1.85
2081.50	1.84
2082.00	1.83
2082.90	1.83
2082.40	1.82
2083.20	1.82
2083.20	1.82
2084.40	1.80
2084.00	1.80
2084.40	1.80
2085.30	1.78
2085.70	1.78
2086.30	1.80
2086.90	1.80
2086.90	1.79
2087.40	1.79
2087.00	1.78
2088.00	1.77
2089.60	1.75
2090.20	1.72
2094.20	1.69
2098.00	1.67
2103.30	1.61
2108.40	1.55
2113.80	1.48
2116.90	1.46
2120.80	1.40
2124.20	1.33
2127.80	1.28
2129.20	1.23
2131.10	1.21
2132.40	1.18
2133.20	1.16
2134.90	1.14
2134.20	1.13
2135.30	1.12
2135.40	1.11
2136.30	1.11
2136.50	1.10
2136.60	1.10
2137.40	1.09
2137.50	1.09
2138.20	1.08
2138.20	1.08
2139.00	1.06
2139.10	1.07
2140.80	1.06
2140.90	1.05
2141.00	1.04
2142.90	1.03
2142.70	1.03
2141.30	1.03
2142.60	1.03
2144.90	1.02
2146.20	1.01
2147.20	0.98
2149.50	0.97
2151.70	0.94
2153.00	0.92
2154.40	0.90
2156.00	0.87
2157.10	0.87
2158.60	0.85
2159.80	0.83
2160.80	0.81
2162.60	0.81
2163.80	0.79
2164.60	0.78
2165.00	0.77
2166.70	0.76
2167.80	0.74
2168.60	0.73
2169.70	0.72
2170.60	0.71
2171.50	0.69
2172.70	0.68
2173.70	0.67
2174.20	0.66
2175.20	0.64
2176.20	0.64
2178.40	0.63
2179.70	0.61
2182.60	0.58
2183.00	0.58
2183.70	0.56
2184.90	0.55
2185.30	0.54
2186.40	0.53
2187.90	0.52
2188.50	0.51
2189.50	0.50
2190.30	0.49
2191.10	0.47
2192.70	0.48
2193.80	0.46
2194.30	0.45
2195.40	0.45
2196.70	0.44
2197.00	0.42
2198.20	0.42
2198.60	0.41
2199.40	0.40
2200.60	0.39
2201.20	0.38
2202.10	0.38
2203.30	0.37
2203.10	0.36
2204.10	0.35
2205.30	0.35
2206.60	0.33
2207.50	0.33
2207.30	0.32
2208.50	0.31
2209.90	0.31
2210.30	0.29
2211.70	0.29
2211.70	0.29
2212.40	0.27
2213.70	0.27
2214.90	0.26
2214.50	0.25
2215.60	0.25
2216.20	0.23
2217.90	0.24
2217.50	0.23
2218.60	0.21
2219.60	0.21
2220.60	0.21
2220.40	0.20
2221.00	0.19
2222.50	0.18
2223.00	0.18
2223.60	0.18
2224.70	0.16
2225.20	0.16
2225.60	0.14
2226.00	0.15
2227.20	0.12
2228.60	0.14
2229.20	0.12
2229.60	0.12
2230.70	0.11
2231.30	0.11
2231.60	0.09
2232.40	0.10
2233.40	0.09
2233.20	0.09
2234.10	0.08
2235.50	0.06
2234.40	0.06
2236.50	0.07
2238.90	0.05
2240.30	0.04
2242.90	0.02
2245.30	0.00
2247.90	-0.02
2249.90	-0.03
2250.00	-0.05
2252.60	-0.06
2253.00	-0.08
2254.20	-0.08
2255.10	-0.10
2257.80	-0.11
2258.10	-0.11
2259.60	-0.12
2259.20	-0.13
2260.40	-0.13
2261.50	-0.14
2262.50	-0.15
2263.70	-0.15
2264.70	-0.16
2264.80	-0.17
2265.80	-0.17
2266.80	-0.17
2267.00	-0.18
2267.10	-0.19
2268.80	-0.19
2269.40	-0.20
2270.10	-0.20
2270.10	-0.21
2271.00	-0.21
2272.10	-0.23
2272.10	-0.22
2273.50	-0.23
2274.30	-0.23
2274.70	-0.24
2275.30	-0.25
2276.40	-0.25
2276.90	-0.26
2277.00	-0.26
2278.20	-0.26
2278.40	-0.27
2279.70	-0.27
2280.70	-0.28
2280.30	-0.28
2281.60	-0.28
2282.40	-0.29
2282.00	-0.30
2283.80	-0.30
2283.50	-0.30
2284.60	-0.31
2285.20	-0.32
2285.10	-0.32
2286.60	-0.32
2287.80	-0.33
2287.10	-0.33
2288.00	-0.34
2288.20	-0.33
2289.30	-0.34
2290.70	-0.35
2290.20	-0.36
2291.20	-0.35
2292.80	-0.36
2293.30	-0.42
2294.20	-0.41
2294.10	-0.41
2295.40	-0.41
2295.70	-0.42
2295.10	-0.43
2295.90	-0.41
2298.90	-0.39
2301.20	-0.41
2305.20	-0.43
2308.90	-0.45
2311.70	-0.47
2313.10	-0.49
2315.00	-0.50
2317.60	-0.51
2318.90	-0.52
2319.50	-0.53
2320.90	-0.53
2321.00	-0.54
2322.50	-0.55
2323.90	-0.56
2324.90	-0.56
2325.20	-0.56
2325.20	-0.56
2326.60	-0.58
2327.60	-0.57
2327.50	-0.57
2328.10	-0.58
2328.70	-0.58
2329.90	-0.58
2329.20	-0.58
2330.90	-0.60
2330.70	-0.59
2331.70	-0.59
2331.70	-0.60
2332.00	-0.59
2332.00	-0.60
2333.30	-0.61
2333.90	-0.61
2334.80	-0.60
2334.80	-0.61
2334.30	-0.61
2335.90	-0.61
2335.10	-0.62
2336.30	-0.62
2336.90	-0.63
2337.50	-0.62
2337.60	-0.62
2338.30	-0.63
2338.60	-0.62
2338.00	-0.63
2339.50	-0.63
2340.40	-0.63
2340.70	-0.63
2341.20	-0.63
2341.20	-0.63
2342.30	-0.65
2342.90	-0.63
2343.60	-0.64
2343.90	-0.64
2343.50	-0.65
2344.80	-0.64
2344.10	-0.65
2345.10	-0.66
2347.60	-0.66
2347.30	-0.66
2347.20	-0.66
2348.10	-0.67
2348.40	-0.66
2349.90	-0.68
2349.40	-0.67
2350.90	-0.67
2350.80	-0.68
2351.70	-0.67
2351.90	-0.68
2352.70	-0.68
2352.60	-0.68
2353.20	-0.68
2353.60	-0.68
2354.70	-0.69
2354.30	-0.69
2355.00	-0.69
2355.30	-0.69
2356.20	-0.69
2356.00	-0.70
2357.00	-0.69
2357.90	-0.70
2358.90	-0.70
2358.50	-0.70
2359.80	-0.70
2359.30	-0.70
2360.30	-0.71
2360.90	-0.71
2361.80	-0.69
2361.50	-0.74
2362.50	-0.70
2362.60	-0.71
2363.40	-0.71
2363.40	-0.71
2364.20	-0.71
2364.90	-0.72
2365.70	-0.72
2365.60	-0.72
2366.30	-0.72
2366.10	-0.73
2367.90	-0.72
2367.40	-0.72
2368.90	-0.73
2370.00	-0.73
2370.10	-0.74
2371.50	-0.73
2371.70	-0.73
2372.60	-0.73
2372.90	-0.73
2372.50	-0.74
2373.70	-0.74
2374.70	-0.74
2374.80	-0.74
2375.60	-0.74
2375.80	-0.74
2376.10	-0.75
2376.50	-0.75
2377.90	-0.75
2377.30	-0.75
2378.10	-0.75
2378.00	-0.75
2379.50	-0.75
2379.90	-0.75
2380.70	-0.76
2380.10	-0.75
2381.80	-0.76
2381.20	-0.75
2382.90	-0.76
2382.20	-0.76
2383.20	-0.76
2383.70	-0.76
2384.50	-0.77
2384.50	-0.77
2385.50	-0.76
2386.20	-0.77
2386.80	-0.77
2387.50	-0.77
2387.00	-0.77
2388.10	-0.78
2388.60	-0.78
2389.30	-0.77
2389.60	-0.78
2390.00	-0.78
2390.20	-0.78
2391.70	-0.78
2391.80	-0.79
2392.20	-0.78
2392.90	-0.78
2393.00	-0.78
2393.30	-0.79
2394.60	-0.78
2394.80	-0.78
2395.50	-0.79
2395.60	-0.79
2396.00	-0.79
2396.80	-0.79
2397.40	-0.79
2397.50	-0.80
2398.80	-0.79
2398.20	-0.80
2399.10	-0.80
2400.10	-0.80
2400.40	-0.80
2401.50	-0.80
2401.50	-0.80
2402.80	-0.80
2402.30	-0.81
2403.40	-0.80
2403.90	-0.81
2404.20	-0.80
2405.20	-0.82
2405.30	-0.81
2406.00	-0.81
2406.40	-0.81
2408.40	-0.81
2409.50	-0.82
2409.60	-0.80
2409.70	-0.86
2409.10	-0.82
2409.10	-0.82
2409.80	-0.81
2409.40	-0.81
2410.50	-0.82
2410.20	-0.82
2410.90	-0.82
2411.60	-0.81
2411.30	-0.82
2411.90	-0.82
2412.20	-0.82
2412.10	-0.81
2413.60	-0.83
2413.30	-0.82
2414.90	-0.83
2415.60	-0.82
2416.60	-0.82
2416.90	-0.82
2417.50	-0.82
2418.40	-0.83
2419.50	-0.83
2420.60	-0.82
2421.00	-0.82
2422.40	-0.83
2423.70	-0.82
2424.60	-0.82
2425.10	-0.82
2426.50	-0.82
2427.80	-0.83
2428.80	-0.82
2429.40	-0.83
2431.50	-0.82
2432.20	-0.83
2433.70	-0.82
2434.50	-0.83
2435.30	-0.83
2436.50	-0.83
2438.60	-0.83
2439.30	-0.83
2440.40	-0.83
2441.10	-0.83
2442.20	-0.83
2443.40	-0.83
2444.90	-0.83
2446.90	-0.84
2447.10	-0.83
2448.50	-0.83
2449.20	-0.83
2450.70	-0.83
2451.10	-0.83
2452.50	-0.83
2454.20	-0.83
2455.40	-0.83
2458.80	-0.82
2459.70	-0.83
2460.10	-0.83
2461.60	-0.82
2463.00	-0.83
2464.20	-0.82
2465.70	-0.82
2466.50	-0.82
2467.40	-0.82
2468.80	-0.81
2469.20	-0.84
2470.10	-0.81
2471.40	-0.80
2473.90	-0.95
2474.90	-0.96
2475.40	-0.97
2477.60	-0.96
2478.40	-0.97
2480.40	-0.96
2481.60	-0.96
2483.30	-0.96
2484.90	-0.96
2485.40	-0.95
2487.30	-0.96
2488.00	-0.95
2489.30	-0.95
2491.80	-0.95
2492.00	-0.94
2493.20	-0.95
2494.00	-0.94
2495.10	-0.95
2497.00	-0.93
2498.00	-0.94
2499.20	-0.93
2500.20	-0.93
2501.30	-0.94
2502.70	-0.93
2503.50	-0.93
2504.00	-0.92
2505.40	-0.92
2507.90	-0.92
2508.80	-0.91
2509.50	-0.92
2510.10	-0.91
2511.10	-0.90
2512.50	-0.90
2513.60	-0.90
2514.60	-0.90
2515.00	-0.89
2516.30	-0.89
2517.70	-0.89
2518.70	-0.88
2519.00	-0.88
2520.50	-0.88
2521.80	-0.88
2522.40	-0.88
2523.60	-0.87
2524.40	-0.86
2525.40	-0.87
2526.80	-0.87
2527.40	-0.86
2528.30	-0.85
2529.60	-0.85
2530.20	-0.84
2532.20	-0.85
2532.30	-0.84
2534.20	-0.83
2535.00	-0.83
2535.10	-0.83
2536.70	-0.82
2538.70	-0.83
2539.90	-0.82
2539.10	-0.81
2540.70	-0.81
2541.80	-0.81
2542.70	-0.80
2543.80	-0.79
2544.90	-0.80
2545.00	-0.79
2546.10	-0.78
2548.90	-0.78
2548.50	-0.78
2550.60	-0.78
2551.60	-0.78
2551.90	-0.78
2552.90	-0.78
2553.20	-0.77
2553.40	-0.78
2554.90	-0.76
2554.70	-0.75
2555.20	-0.75
2555.60	-0.75
2555.70	-0.74
2556.20	-0.73
2556.00	-0.73
2557.30	-0.71
2558.10	-0.71
2559.20	-0.71
2560.40	-0.70
2562.70	-0.70
2563.80	-0.69
2564.50	-0.68
2566.80	-0.68
2567.40	-0.67
2568.90	-0.67
2569.60	-0.66
2570.80	-0.66
2572.30	-0.65
2573.90	-0.64
2574.40	-0.64
2575.10	-0.63
2576.70	-0.63
2577.20	-0.62
2578.90	-0.62
2579.10	-0.61
2580.90	-0.61
2581.20	-0.60
2582.50	-0.60
2583.70	-0.59
2583.20	-0.58
2584.40	-0.58
2585.20	-0.58
2586.20	-0.57
2587.00	-0.56
2588.10	-0.56
2589.20	-0.56
2590.10	-0.56
2591.60	-0.55
2591.80	-0.54
2592.40	-0.54
2593.70	-0.53
2594.30	-0.53
2595.30	-0.52
2595.30	-0.52
2596.40	-0.52
2597.40	-0.51
2598.50	-0.51
2599.90	-0.50
2599.30	-0.50
2600.90	-0.49
2601.10	-0.49
2602.70	-0.49
2603.60	-0.48
2603.00	-0.47
2604.80	-0.47
2605.70	-0.46
2605.50	-0.46
2606.60	-0.45
2607.70	-0.45
2608.20	-0.44
2608.60	-0.43
2609.50	-0.43
2610.70	-0.43
2611.10	-0.43
2611.20	-0.44
2612.10	-0.43
2613.80	-0.39
2613.30	-0.40
2614.40	-0.40
2615.40	-0.40
2615.80	-0.38
2616.60	-0.38
2618.20	-0.37
2619.10	-0.36
2620.50	-0.38
2621.20	-0.37
2622.80	-0.34
2623.50	-0.58
2623.70	-0.08
2623.20	-0.36
2623.90	-0.35
2622.90	-0.35
2622.70	-0.35
2622.60	-0.35
2622.40	-0.35
2622.60	-0.35
2623.60	-0.33
2623.00	-0.34
2623.30	-0.34
2624.00	-0.33
2625.00	-0.32
2625.80	-0.31
2626.50	-0.31
2626.10	-0.31
2627.20	-0.30
2628.10	-0.30
2628.90	-0.30
2629.40	-0.29
2630.80	-0.28
2631.80	-0.28
2631.30	-0.27
2632.40	-0.27
2633.70	-0.26
2633.80	-0.26
2634.10	-0.26
2635.90	-0.25
2636.10	-0.23
2636.70	-0.23
2637.50	-0.23
2638.90	-0.23
2639.40	-0.22
2639.70	-0.21
2640.60	-0.20
2641.70	-0.20
2641.20	-0.20
2642.50	-0.20
2643.00	-0.18
2644.40	-0.18
2644.70	-0.17
2645.70	-0.17
2646.70	-0.16
2646.20	-0.16
2647.80	-0.15
2648.10	-0.14
2648.10	-0.14
2649.90	-0.14
2650.80	-0.13
2650.10	-0.12
2651.60	-0.13
2652.40	-0.11
2652.20	-0.11
2653.10	-0.11
2654.80	-0.10
2654.80	-0.09
2655.60	-0.10
2655.70	-0.08
2656.60	-0.08
2657.90	-0.07
2657.90	-0.06
2658.90	-0.06
2659.10	-0.06
2659.30	-0.05
2660.40	-0.04
2661.60	-0.04
2661.40	-0.04
2662.60	-0.03
2662.60	-0.02
2663.80	-0.02
2664.60	-0.01
2664.40	-0.01
2665.60	0.02
2666.90	-0.01
2666.00	0.01
2666.90	-0.01
2666.00	0.00
2666.10	0.01
2667.50	0.01
2667.20	0.02
2669.20	0.03
2669.80	0.04
2670.20	0.04
2671.90	0.05
2672.90	0.06
2672.00	0.07
2673.60	0.07
2674.90	0.08
2675.20	0.09
2676.70	0.09
2677.80	0.10
2679.20	0.12
2680.50	0.13
2681.80	0.14
2681.20	0.14
2682.40	0.15
2683.40	0.16
2684.90	0.17
2684.10	0.16
2685.30	0.18
2686.50	0.19
2687.80	0.20
2687.20	0.19
2688.00	0.21
2689.60	0.21
2689.00	0.22
2690.40	0.23
2691.50	0.24
2691.20	0.24
2692.40	0.24
2693.60	0.26
2694.50	0.26
2694.30	0.26
2695.50	0.28
2695.40	0.28
2696.20	0.29
2697.80	0.29
2698.40	0.29
2698.90	0.31
2699.10	0.31
2700.80	0.33
2700.60	0.32
2702.30	0.35
2703.40	0.35
2703.40	0.36
2704.60	0.37
2705.30	0.37
2705.40	0.38
2706.90	0.39
2707.40	0.39
2707.10	0.40
2708.10	0.40
2708.00	0.41
2709.40	0.41
2710.10	0.42
2710.80	0.44
2711.90	0.44
2711.20	0.44
2712.90	0.45
2712.80	0.46
2713.60	0.46
2714.50	0.47
2714.80	0.47
2715.70	0.48
2715.30	0.49
2716.90	0.49
2717.40	0.50
2717.90	0.51
2718.50	0.50
2718.10	0.52
2719.50	0.52
2719.20	0.53
2720.60	0.54
2720.60	0.54
2721.30	0.55
2722.40	0.55
2722.30	0.56
2723.00	0.56
2723.70	0.57
2724.60	0.58
2725.10	0.59
2726.30	0.60
2726.30	0.61
2727.00	0.62
2727.90	0.62
2728.50	0.62
2728.60	0.63
2729.50	0.64
2729.90	0.65
2730.70	0.64
2731.90	0.66
2731.90	0.66
2732.40	0.66
2732.20	0.67
2733.40	0.68
2733.50	0.69
2733.10	0.69
2734.70	0.70
2735.20	0.69
2735.90	0.70
2736.70	0.70
2736.70	0.71
2737.60	0.71
2737.00	0.72
2738.30	0.72
2738.80	0.74
2739.50	0.74
2739.40	0.74
2740.50	0.75
2740.60	0.76
2740.90	0.76
2741.70	0.77
2742.70	0.78
2742.30	0.78
2743.60	0.78
2743.00	0.79
2743.00	0.79
2744.20	0.81
2744.50	0.81
2745.60	0.82
2745.70	0.81
2746.10	0.82
2746.20	0.84
2747.70	0.84
2747.30	0.84
2748.20	0.85
2748.20	0.86
2749.60	0.86
2749.60	0.86
2750.10	0.87
2750.50	0.87
2751.50	0.88
2751.10	0.89
2751.40	0.89
2752.60	0.90
2752.40	0.91
2753.90	0.91
2753.10	0.92
2754.80	0.92
2754.00	0.93
2754.20	0.93
2755.60	0.94
2755.40	0.95
2756.40	0.96
2756.00	0.96
2757.30	0.97
2757.00	0.97
2758.90	0.98
2758.90	0.98
2759.20	0.98
2759.50	0.99
2759.90	1.01
2760.80	1.01
2760.50	1.01
2761.70	1.02
2761.10	1.03
2762.00	1.03
2762.70	1.03
2763.50	1.04
2763.90	1.05
2763.10	1.05
2764.20	1.06
2764.60	1.06
2765.50	1.07
2765.70	1.07
2765.50	1.08
2767.80	1.10
2767.90	1.11
2768.90	1.11
2768.30	1.11
2768.20	1.12
2769.30	1.13
2769.10	1.13
2770.50	1.14
2770.80	1.14
2771.00	1.15
2771.20	1.16
2771.50	1.16
2772.60	1.17
2772.10	1.17
2773.40	1.18
2773.00	1.19
2773.00	1.18
2774.00	1.19
2774.70	1.21
2775.80	1.21
2775.90	1.21
2776.60	1.21
2776.10	1.22
2776.50	1.23
2777.90	1.23
2777.00	1.24
2778.10	1.25
2778.50	1.26
2779.40	1.26
2779.00	1.27
2780.60	1.27
2780.80	1.28
2780.70	1.28
2781.90	1.30
2781.10	1.30
2782.70	1.30
2782.60	1.31
2783.60	1.32
2783.80	1.32
2783.70	1.33
2784.80	1.33
2784.30	1.34
2784.30	1.35
2785.90	1.35
2785.90	1.36
2786.80	1.36
2786.60	1.37
2786.00	1.37
2787.30	1.37
2787.80	1.38
2788.20	1.39
2788.10	1.39
2788.10	1.40
2789.60	1.41
2789.60	1.41
2789.10	1.42
2790.40	1.42
2790.90	1.42
2790.70	1.43
2791.10	1.43
2791.10	1.44
2791.70	1.44
2792.30	1.45
2792.60	1.46
2793.60	1.46
2793.00	1.47
2793.10	1.47
2794.30	1.47
2794.40	1.48
2794.50	1.48
2795.50	1.49
2795.40	1.49
2795.60	1.50
2796.00	1.50
2796.20	1.51
2796.80	1.51
2797.10	1.52
2797.50	1.53
2797.90	1.53
2797.70	1.52
2798.50	1.54
2798.40	1.54
2798.30	1.55
2799.90	1.55
2799.10	1.56
2799.30	1.56
2800.40	1.56
2800.70	1.57
2800.00	1.57
2801.00	1.58
2801.60	1.58
2801.70	1.59
2802.10	1.59
2802.50	1.60
2802.80	1.60
2803.50	1.63
2803.00	1.55
2803.00	1.61
2803.00	1.61
2803.70	1.61
2803.90	1.62
2804.40	1.62
2804.90	1.63
2804.10	1.63
2804.80	1.64
2805.40	1.65
2805.30	1.65
2805.20	1.65
2806.70	1.66
2806.90	1.66
2806.00	1.66
2807.70	1.67
2807.30	1.68
2807.90	1.68
2808.70	1.69
2808.80	1.70
2808.30	1.69
2809.90	1.70
2809.90	1.70
2809.60	1.71
2809.50	1.71
2810.70	1.73
2810.30	1.72
2810.90	1.73
2811.90	1.73
2811.90	1.73
2811.10	1.74
2811.40	1.74
2812.90	1.75
2812.00	1.75
2812.20	1.75
2812.80	1.76
2813.80	1.77
2813.50	1.77
2813.50	1.77
2813.40	1.78
2814.90	1.78
2814.40	1.78
2814.20	1.79
2815.00	1.80
2815.20	1.79
2815.40	1.80
2815.80	1.80
2815.30	1.81
2816.80	1.81
2816.20	1.82
2816.30	1.81
2816.10	1.83
2817.00	1.82
2817.60	1.83
2817.40	1.83
2817.70	1.84
2818.80	1.84
2818.40	1.84
2818.10	1.85
2819.20	1.86
2819.60	1.86
2819.50	1.87
2820.50	1.87
2820.70	1.87
2820.30	1.88
2820.10	1.88
2821.50	1.88
2821.30	1.89
2821.00	1.89
2821.60	1.90
2822.50	1.90
2822.60	1.90
2822.30	1.91
2822.50	1.91
2823.90	1.92
2823.20	1.92
2823.20	1.92
2823.20	1.93
2824.80	1.93
2824.10	1.93
2824.00	1.94
2824.40	1.94
2824.60	1.95
2825.60	1.95
2825.10	1.95
2825.60	1.95
2826.00	1.96
2826.60	1.96
2826.10	1.97
2826.70	1.97
2826.40	1.98
2827.60	1.98
2827.70	1.98
2827.90	1.98
2827.70	1.99
2828.50	1.99
2828.60	2.00
2828.60	1.99
2828.20	2.01
2829.30	2.00
2829.00	2.01
2829.70	2.02
2829.10	2.02
2829.30	2.02
2830.60	2.03
2830.10	2.03
2830.40	2.04
2830.40	2.04
2831.80	2.04
2831.60	2.05
2831.60	2.05
2831.80	2.05
2831.10	2.06
2832.70	2.06
2832.10	2.06
2832.90	2.06
2832.40	2.07
2833.20	2.08
2833.70	2.07
2833.40	2.08
2834.20	2.09
2834.00	2.09
2834.60	2.10
2834.10	2.10
2834.00	2.10
2835.50	2.10
2835.90	2.11
2835.20	2.10
2835.30	2.12
2835.00	2.11
2836.30	2.12
2836.60	2.13
2836.60	2.13
2836.40	2.13
2836.60	2.13
2836.90	2.14
2837.10	2.14
2837.00	2.14
2837.40	2.15
2837.10	2.15
2837.10	2.15
2837.70	2.15
2838.50	2.16
2838.70	2.15
2838.00	2.16
2838.70	2.16
2838.40	2.17
2839.40	2.17
2839.20	2.18
2839.50	2.18
2839.90	2.18
2839.40	2.18
2839.80	2.19
2840.60	2.19
2840.90	2.19
2840.40	2.19
2840.60	2.20
2840.10	2.19
2840.60	2.20
2841.60	2.21
2841.70	2.21
2841.80	2.20
2841.00	2.20
2841.10	2.21
2841.20	2.21
2841.30	2.21
2841.50	2.22
2841.00	2.22
2841.50	2.22
2841.10	2.22
2842.30	2.23
2842.50	2.23
2842.30	2.23
2842.90	2.24
2842.40	2.24
2842.50	2.23
2842.40	2.25
2842.10	2.24
2843.20	2.24
2843.90	2.25
2843.60	2.25
2843.90	2.25
2843.20	2.25
2843.60	2.25
2843.50	2.26
2843.50	2.26
2843.10	2.26
2843.80	2.26
2844.70	2.27
2844.30	2.27
2844.20	2.27
2844.60	2.27
2844.90	2.27
2844.00	2.28
2844.00	2.27
2844.10	2.28
2844.90	2.28
2844.30	2.28
2844.60	2.28
2845.40	2.29
2845.40	2.29
2845.50	2.29
2845.20	2.29
2845.50	2.30
2845.70	2.29
2845.80	2.29
2845.20	2.30
2845.50	2.30
2845.70	2.30
2845.10	2.30
2845.20	2.30
2846.00	2.30
2846.80	2.31
2846.40	2.31
2846.80	2.31
2846.00	2.31
2846.20	2.32
2846.10	2.31
2846.10	2.32
2846.20	2.32
2846.10	2.32
2846.30	2.32
2846.00	2.32
2846.50	2.33
2846.90	2.33
2847.30	2.33
2847.50	2.33
2847.10	2.33
2847.90	2.34
2847.60	2.33
2847.00	2.34
2847.60	2.35
2847.60	2.33
2847.40	2.35
2847.50	2.35
2847.80	2.34
2848.60	2.35
2848.30	2.36
2848.70	2.35
2848.60	2.35
2848.60	2.35
2848.40	2.36
2848.20	2.35
2848.80	2.36
2848.10	2.36
2848.90	2.36
2848.50	2.36
2848.60	2.36
2848.70	2.37
2848.60	2.36
2848.00	2.37
2848.00	2.36
2849.40	2.37
2849.40	2.37
2849.60	2.38
2849.30	2.37
2849.50	2.37
2849.70	2.38
2849.60	2.38
2849.20	2.37
2849.80	2.38
2849.40	2.38
2849.50	2.38
2849.60	2.39
2849.40	2.38
2849.50	2.38
2849.60	2.38
2849.80	2.38
2849.50	2.39
2849.50	2.39
2849.90	2.38
2849.80	2.39
2850.50	2.39
2850.10	2.39
2850.00	2.39
2850.10	2.39
2850.60	2.39
2850.70	2.40
2850.10	2.39
2850.90	2.39
2850.40	2.40
2850.70	2.39
2850.50	2.40
2850.40	2.40
2850.70	2.40
2850.70	2.40
2850.70	2.40
2850.40	2.40
2850.20	2.40
2850.50	2.40
2850.10	2.41
2850.10	2.40
2850.80	2.40
2850.20	2.40
2850.90	2.41
2850.80	2.41
2850.90	2.41
2850.70	2.41
2850.00	2.41
2850.30	2.41
2850.70	2.41
2850.30	2.41
2850.40	2.41
2850.40	2.41
2850.20	2.42
2850.80	2.41
2850.20	2.40
2850.40	2.41
2850.80	2.42
2850.00	2.41
2850.00	2.41
2850.80	2.41
2850.40	2.41
2850.80	2.42
2850.40	2.42
2850.90	2.41
2850.40	2.42
2850.80	2.41
2850.10	2.42
2850.80	2.42
2850.80	2.41
2850.70	2.41
2850.30	2.41
2850.20	2.42
2850.10	2.42
2850.50	2.40
2850.80	2.41
2850.30	2.42
2850.30	2.41
2850.20	2.41
2850.90	2.41
2850.70	2.41
2850.00	2.41
2850.10	2.41
2850.60	2.40
2850.60	2.42
2849.00	2.44
2846.80	2.49
2845.40	2.47
2847.90	2.54
2848.50	2.57
2847.30	2.55
2843.00	2.50
2840.20	2.48
2840.30	2.48
2840.70	2.50
2840.20	2.48
2840.40	2.48
2840.10	2.49
2840.00	2.48
2840.80	2.48
2840.50	2.49
2840.20	2.50
2840.80	2.54
2839.60	2.52
2838.80	2.50
2839.80	2.50
2839.40	2.47
2839.40	2.50
2839.40	2.51
2839.40	2.51
2839.50	2.50
2840.60	2.51
2840.00	2.52
2841.20	2.52
2842.70	2.54
2842.30	2.56
2843.80	2.56
2844.30	2.58
2845.80	2.60
2845.00	2.60
2846.70	2.62
2847.80	2.64
2849.50	2.67
2850.30	2.68
2850.60	2.70
2851.10	2.72
2852.60	2.71
2852.40	2.68
2853.00	2.71
2853.40	2.67
2853.00	2.67
2853.40	2.67
2852.50	2.66
2852.90	2.67
2853.30	2.68
2853.50	2.67
2853.80	2.69
2853.70	2.69
2854.30	2.70
2854.90	2.71
2855.00	2.72
2855.40	2.73
2856.90	2.73
2856.70	2.75
2857.20	2.76
2858.50	2.77
2858.00	2.78
2859.00	2.80
2859.50	2.80
2860.70	2.81
2860.30	2.82
2861.80	2.84
2861.50	2.84
2862.50	2.86
2862.70	2.86
2863.10	2.89
2864.10	2.87
2864.00	2.90
2865.70	2.91
2865.40	2.92
2866.70	2.94
2867.70	2.94
2867.70	2.96
2868.00	2.96
2869.70	2.98
2869.90	2.99
2870.70	3.01
2870.20	3.01
2871.30	3.03
2871.80	3.04
2872.60	3.05
2873.60	3.06
2873.10	3.07
2874.00	3.08
2874.70	3.09
2875.90	3.10
2875.60	3.11
2876.20	3.13
2877.70	3.13
2877.80	3.15
2878.60	3.15
2878.50	3.17
2879.10	3.17
2879.40	3.19
2880.40	3.19
2880.10	3.20
2881.70	3.21
2881.00	3.22
2882.20	3.23
2882.30	3.24
2882.00	3.25
2883.00	3.26
2883.80	3.26
2884.90	3.28
2884.60	3.28
2884.60	3.29
2885.60	3.30
2885.00	3.30
2886.60	3.32
2886.30	3.32
2886.00	3.33
2887.70	3.34
2887.00	3.34
2887.30	3.36
2888.90	3.36
2888.60	3.37
2888.10	3.37
2889.30	3.38
2889.80	3.39
2889.90	3.39
2890.00	3.41
2891.00	3.42
2891.40	3.43
2891.20	3.44
2891.60	3.44
2892.80	3.45
2892.40	3.45
2892.40	3.46
2892.70	3.46
2893.60	3.47
2893.80	3.48
2893.10	3.47
2894.30	3.48
2894.10	3.49
2894.40	3.50
2894.50	3.49
2895.40	3.51
2895.20	3.51
2895.80	3.52
2895.00	3.52
2895.00	3.52
2896.60	3.53
2896.50	3.54
2896.20	3.54
2896.30	3.54
2896.20	3.54
2897.00	3.55
2897.60	3.56
2897.60	3.57
2897.70	3.57
2897.30	3.57
2898.10	3.57
2898.10	3.58
2898.60	3.59
2899.20	3.60
2899.10	3.61
2899.30	3.60
2899.50	3.62
2899.60	3.61
2900.50	3.62
2900.70	3.62
2900.30	3.62
2900.40	3.64
2900.30	3.62
2900.10	3.64
2900.50	3.64
2901.60	3.64
2901.60	3.66
2901.40	3.65
2901.80	3.67
2901.50	3.67
2902.80	3.67
2902.80	3.69
2903.80	3.69
2903.00	3.70
2903.20	3.70
2903.00	3.70
2903.70	3.71
2904.20	3.72
2904.40	3.72
2904.40	3.73
2904.00	3.73
2904.40	3.73
2904.20	3.74
2905.10	3.74
2905.10	3.75
2905.40	3.75
2905.80	3.76
2900.00	3.61
2897.80	3.53
2895.40	3.53
2896.00	3.57
2896.50	3.59
2897.20	3.62
2898.70	3.64
2900.00	3.68
2900.90	3.70
2901.10	3.72
2902.30	3.73
2903.30	3.76
2904.30	3.76
2904.60	3.79
2905.60	3.79
2906.50	3.81
2906.40	3.82
2907.90	3.83
2907.90	3.84
2908.60	3.85
2908.30	3.86
2909.20	3.86
2909.60	3.87
2909.60	3.89
2910.60	3.88
2910.90	3.89
2910.20	3.89
2910.30	3.90
2911.20	3.89
2911.30	3.91
2911.80	3.91
2911.60	3.92
2911.30	3.91
2911.00	3.92
2912.50	3.92
2912.90	3.92
2912.70	3.92
2912.70	3.93
2912.70	3.92
2912.10	3.94
2912.90	3.94
2913.90	3.93
2913.00	3.94
2913.50	3.94
2913.20	3.95
2913.30	3.94
2913.00	3.94
2913.20	3.95
2913.70	3.95
2913.50	3.95
2913.70	3.96
2913.70	3.95
2913.40	3.96
2913.10	3.95
2913.20	3.96
2913.20	3.95
2914.40	3.96
2914.90	3.96
2914.00	3.96
2914.90	3.96
2914.00	3.96
2914.90	3.97
2914.50	3.96
2914.40	3.97
2914.30	3.97
2914.80	3.97
2914.30	3.98
2914.50	3.97
2914.90	3.97
2914.30	3.98
2914.90	3.97
2914.30	3.97
2914.70	3.99
2914.40	3.98
2914.80	3.98
2914.30	3.99
2914.20	3.99
2914.30	3.98
2914.00	3.99
2914.20	3.99
2914.20	3.99
2914.50	3.99
2914.20	3.99
2914.70	3.99
2914.40	3.99
2914.30	3.99
2914.20	3.99
2914.90	3.99
2914.70	4.00
2914.40	3.99
2914.80	3.99
2914.50	4.00
2914.90	3.99
2914.10	4.00
2914.30	4.00
2914.30	3.99
2914.80	4.00
2914.80	4.00
2914.80	4.00
2913.00	4.00
2913.80	4.00
2913.10	4.00
2913.10	4.00
2913.50	4.00
2913.10	4.01
2913.60	4.01
2913.40	4.00
2913.40	4.01
2913.70	4.00
2913.70	4.01
2913.30	4.01
2913.80	4.01
2913.00	4.01
2913.60	4.01
2913.10	4.01
2913.60	4.01
2913.90	4.01
2912.30	4.01
2912.10	4.01
2912.60	4.01
2912.10	4.01
2912.40	4.02
2912.50	4.01
2912.30	4.01
2912.40	4.02
2912.90	4.01
2912.60	4.01
2912.10	4.02
2912.80	4.01
2912.30	4.02
2911.30	4.02
2911.50	4.02
2911.50	4.01
2911.10	4.03
2911.00	4.02
2911.30	4.02
2911.30	4.03
2911.80	4.01
2911.80	4.02
2911.00	4.03
2911.90	4.02
2911.80	4.02
2911.40	4.03
2911.80	4.02
2910.90	4.02
2910.60	4.03
2910.90	4.02
2910.50	4.02
2910.20	4.02
2910.20	4.02
2910.10	4.01
2910.70	4.02
2910.60	4.01
2909.20	4.01
2909.70	4.02
2909.30	4.01
2909.70	4.01
2909.00	4.02
2909.80	4.01
2909.30	4.01
2909.80	4.01
2909.90	4.01
2908.10	4.01
2908.90	4.01
2908.60	4.01
2908.30	4.01
2908.60	4.00
2908.30	4.01
2908.00	4.00
2908.30	4.01
2908.70	4.00
2908.80	4.00
2907.00	4.01
2907.80	4.00
2907.40	4.00
2907.30	4.00
2907.80	4.01
2907.80	4.00
2907.00	4.00
2907.00	4.00
2907.70	3.99
2906.00	4.02
2906.80	4.01
2905.30	4.00
2905.40	3.99
2906.30	4.00
2907.10	4.01
2908.80	4.04
2910.50	4.06
2911.40	4.09
2913.10	4.15
2916.80	4.25
2919.00	4.29
2921.00	4.32
2924.90	4.37
2927.60	4.42
2929.60	4.49
2932.20	4.54
2935.50	4.61
2938.20	4.66
2941.30	4.71
2943.30	4.77
2946.50	4.82
2948.50	4.86
2951.10	4.92
2953.40	4.98
2956.00	5.01
2958.80	5.06
2960.90	5.11
2962.00	5.16
2964.80	5.20
2966.70	5.24
2968.50	5.29
2970.80	5.33
2972.50	5.37
2974.40	5.43
2975.50	5.46
2977.70	5.50
2978.80	5.54
2980.50	5.57
2981.40	5.60
2982.70	5.63
2984.70	5.65
2985.90	5.69
2986.10	5.72
2987.20	5.74
2988.50	5.77
2989.50	5.78
2990.70	5.80
2991.40	5.84
2993.30	5.85
2994.80	5.88
2995.20	5.91
2996.40	5.93
2997.60	5.96
2999.10	5.99
2999.70	6.01
3000.30	6.04
3001.60	6.05
3001.80	6.06
3002.40	6.08
3002.50	6.09
3003.30	6.10
3003.90	6.10
3003.70	6.11
3004.40	6.11
3004.00	6.13
3004.90	6.13
3004.80	6.13
3005.00	6.13
3005.00	6.14
3005.60	6.15
3005.40	6.15
3005.10	6.16
3005.10	6.15
3005.60	6.16
3006.20	6.16
3006.20	6.16
3006.00	6.16
3006.50	6.16
3006.90	6.18
3006.20	6.16
3006.10	6.18
3006.50	6.16
3006.30	6.17
3006.30	6.16
3006.10	6.17
3006.00	6.16
3006.70	6.17
3005.10	6.15
3005.50	6.16
3005.60	6.15
3005.00	6.16
3005.60	6.15
3005.30	6.14
3005.70	6.14
3005.20	6.15
3004.80	6.14
3004.30	6.14
3004.20	6.13
3004.00	6.13
3004.20	6.13
3004.30	6.13
3004.30	6.12
3003.00	6.11
3003.80	6.12
3003.30	6.11
3003.10	6.10
3003.30	6.11
3003.20	6.10
3002.00	6.09
3002.70	6.09
3002.50	6.09
3002.00	6.08
3001.60	6.08
3001.00	6.08
3001.60	6.07
3001.40	6.07
3001.60	6.06
3001.40	6.06
3000.50	6.06
3000.70	6.05
3000.30	6.05
3000.00	6.04
3000.50	6.04
2999.20	6.03
2999.20	6.03
2999.60	6.03
2999.70	6.02
2998.50	6.03
2998.90	6.01
2998.40	6.01
2998.50	6.01
2997.10	6.00
2997.10	5.99
2997.80	5.99
2997.80	5.99
2996.50	5.98
2996.20	5.98
2996.00	5.98
2996.60	5.95
2995.20	5.98
2995.40	6.00
2994.30	5.98
2993.80	5.95
2993.50	5.98
2994.90	5.95
2994.50	5.92
2995.70	5.95
2997.80	6.00
3000.00	6.14
3003.50	6.15
3007.10	6.32
3011.80	6.34
3015.60	6.45
3019.20	6.53
3022.70	6.59
3025.20	6.66
3027.90	6.72
3030.50	6.80
3033.10	6.87
3035.70	6.95
3038.50	7.01
3040.30	7.06
3041.70	7.11
3043.30	7.16
3045.50	7.19
3046.80	7.23
3047.70	7.27
3049.70	7.29
3050.60	7.34
3051.60	7.36
3052.20	7.38
3053.30	7.41
3054.40	7.43
3054.90	7.45
3055.40	7.47
3056.90	7.48
3056.40	7.50
3057.80	7.52
3057.70	7.52
3058.50	7.52
3058.30	7.54
3059.40	7.57
3060.60	7.58
3060.60	7.59

