

 POLYNOMIAL REGRESSION.....SAMPLE

 NUMBER OF OBSERVATION, 506
 HIGHEST DEGREE   4
   3.8090000000000002        23.390000000000001     
   3.8119999999999998        23.410000000000000     
   3.8149999999999999        23.440000000000001     
   3.8199999999999998        23.460000000000001     
   3.8270000000000000        23.480000000000000     
   3.8300000000000001        23.510000000000002     
   3.8370000000000002        23.550000000000001     
   3.8410000000000002        23.570000000000000     
   3.8450000000000002        23.600000000000001     
   3.8540000000000001        23.620000000000001     
   3.8599999999999999        23.640000000000001     
   3.8630000000000000        23.670000000000002     
   3.8710000000000000        23.690000000000001     
   3.8769999999999998        23.730000000000000     
   3.8809999999999998        23.760000000000002     
   3.8870000000000000        23.780000000000001     
   3.8919999999999999        23.800000000000001     
   3.8999999999999999        23.829999999999998     
   3.9100000000000001        23.850000000000001     
   3.9190000000000000        23.890000000000001     
   3.9260000000000002        23.920000000000002     
   3.9319999999999999        23.940000000000001     
   3.9399999999999999        23.960000000000001     
   3.9460000000000002        24.000000000000000     
   3.9489999999999998        24.010000000000002     
   3.9560000000000000        24.050000000000001     
   3.9640000000000000        24.070000000000000     
   3.9729999999999999        24.100000000000001     
   3.9740000000000002        24.120000000000001     
   3.9790000000000001        24.140000000000001     
   3.9809999999999999        24.170000000000002     
   3.9910000000000001        24.210000000000001     
   3.9929999999999999        24.230000000000000     
   4.0039999999999996        24.260000000000002     
   4.0060000000000002        24.280000000000001     
   4.0140000000000002        24.300000000000001     
   4.0209999999999999        24.329999999999998     
   4.0259999999999998        24.370000000000001     
   4.0389999999999997        24.390000000000001     
   4.0640000000000001        24.420000000000002     
   4.0890000000000004        24.440000000000001     
   4.0739999999999998        24.460000000000001     
   4.0999999999999996        24.500000000000000     
   4.0869999999999997        24.530000000000001     
   4.1059999999999999        24.550000000000001     
   4.0869999999999997        24.570000000000000     
   4.0960000000000001        24.600000000000001     
   4.1020000000000003        24.620000000000001     
   4.1120000000000001        24.660000000000000     
   4.1180000000000003        24.670000000000002     
   4.1269999999999998        24.710000000000001     
   4.1349999999999998        24.730000000000000     
   4.1459999999999999        24.760000000000002     
   4.1529999999999996        24.780000000000001     
   4.1619999999999999        24.820000000000000     
   4.1710000000000003        24.829999999999998     
   4.1829999999999998        24.870000000000001     
   4.1879999999999997        24.890000000000001     
   4.2050000000000001        24.920000000000002     
   4.2069999999999999        24.940000000000001     
   4.2229999999999999        24.980000000000000     
   4.2359999999999998        25.000000000000000     
   4.2380000000000004        25.030000000000001     
   4.2400000000000002        25.050000000000001     
   4.2530000000000001        25.070000000000000     
   4.2640000000000002        25.100000000000001     
   4.2949999999999999        25.140000000000001     
   4.3060000000000000        25.160000000000000     
   4.3170000000000002        25.190000000000001     
   4.3200000000000003        25.210000000000001     
   4.3300000000000001        25.230000000000000     
   4.3339999999999996        25.260000000000002     
   4.3490000000000002        25.300000000000001     
   4.3570000000000002        25.320000000000000     
   4.3520000000000003        25.350000000000001     
   4.3979999999999997        25.370000000000001     
   4.3949999999999996        25.390000000000001     
   4.4009999999999998        25.420000000000002     
   4.4039999999999999        25.460000000000001     
   4.4150000000000000        25.480000000000000     
   4.4199999999999999        25.510000000000002     
   4.4299999999999997        25.530000000000001     
   4.4400000000000004        25.550000000000001     
   4.4520000000000000        25.579999999999998     
   4.4580000000000002        25.620000000000001     
   4.4690000000000003        25.640000000000001     
   4.4989999999999997        25.670000000000002     
   4.4960000000000004        25.690000000000001     
   4.5140000000000002        25.710000000000001     
   4.5160000000000000        25.750000000000000     
   4.5209999999999999        25.780000000000001     
   4.5179999999999998        25.800000000000001     
   4.5240000000000000        25.820000000000000     
   4.5369999999999999        25.850000000000001     
   4.5810000000000004        25.870000000000001     
   4.5899999999999999        25.910000000000000     
   4.5880000000000001        25.920000000000002     
   4.6079999999999997        25.960000000000001     
   4.6090000000000000        25.980000000000000     
   4.6310000000000002        26.010000000000002     
   4.6269999999999998        26.030000000000001     
   4.6440000000000001        26.070000000000000     
   4.6559999999999997        26.079999999999998     
   4.6740000000000004        26.120000000000001     
   4.6790000000000003        26.140000000000001     
   4.6950000000000003        26.170000000000002     
   4.7100000000000000        26.190000000000001     
   4.7140000000000004        26.230000000000000     
   4.7240000000000002        26.260000000000002     
   4.7199999999999998        26.280000000000001     
   4.7309999999999999        26.300000000000001     
   4.7599999999999998        26.320000000000000     
   4.7679999999999998        26.350000000000001     
   4.7789999999999999        26.390000000000001     
   4.7919999999999998        26.420000000000002     
   4.8029999999999999        26.440000000000001     
   4.8150000000000004        26.460000000000001     
   4.8230000000000004        26.500000000000000     
   4.8440000000000003        26.510000000000002     
   4.8430000000000000        26.550000000000001     
   4.8529999999999998        26.570000000000000     
   4.8700000000000001        26.600000000000001     
   4.8689999999999998        26.620000000000001     
   4.8710000000000004        26.660000000000000     
   4.8920000000000003        26.670000000000002     
   4.9089999999999998        26.710000000000001     
   4.9139999999999997        26.730000000000000     
   4.8890000000000002        26.760000000000002     
   4.8830000000000000        26.780000000000001     
   4.8630000000000004        26.820000000000000     
   4.8739999999999997        26.829999999999998     
   4.8810000000000002        26.870000000000001     
   4.8959999999999999        26.890000000000001     
   4.9189999999999996        26.920000000000002     
   4.9210000000000003        26.940000000000001     
   4.9409999999999998        26.980000000000000     
   4.9489999999999998        27.000000000000000     
   4.9640000000000004        27.030000000000001     
   4.9840000000000000        27.050000000000001     
   4.9939999999999998        27.070000000000000     
   5.0019999999999998        27.100000000000001     
   5.0080000000000000        27.140000000000001     
   5.0160000000000000        27.160000000000000     
   5.0250000000000004        27.190000000000001     
   5.0430000000000001        27.210000000000001     
   5.0700000000000003        27.230000000000000     
   5.0830000000000002        27.260000000000002     
   5.0970000000000004        27.300000000000001     
   5.1079999999999997        27.320000000000000     
   5.1090000000000000        27.350000000000001     
   5.1349999999999998        27.370000000000001     
   5.1589999999999998        27.410000000000000     
   5.1699999999999999        27.420000000000002     
   5.2149999999999999        27.460000000000001     
   5.1980000000000004        27.480000000000000     
   5.2210000000000001        27.510000000000002     
   5.2340000000000000        27.530000000000001     
   5.2539999999999996        27.570000000000000     
   5.2610000000000001        27.579999999999998     
   5.2640000000000002        27.620000000000001     
   5.2640000000000002        27.640000000000001     
   5.2779999999999996        27.670000000000002     
   5.2930000000000001        27.690000000000001     
   5.3150000000000004        27.730000000000000     
   5.3220000000000001        27.750000000000000     
   5.3289999999999997        27.780000000000001     
   5.3339999999999996        27.800000000000001     
   5.3310000000000004        27.820000000000000     
   5.4649999999999999        27.850000000000001     
   5.4779999999999998        27.890000000000001     
   5.4960000000000004        27.920000000000002     
   5.5019999999999998        27.940000000000001     
   5.5220000000000002        27.960000000000001     
   5.5380000000000003        28.000000000000000     
   5.5560000000000000        28.010000000000002     
   5.5529999999999999        28.050000000000001     
   5.5620000000000003        28.070000000000000     
   5.5830000000000002        28.100000000000001     
   5.5880000000000001        28.120000000000001     
   5.6150000000000002        28.160000000000000     
   5.6310000000000002        28.170000000000002     
   5.6429999999999998        28.210000000000001     
   5.6390000000000002        28.230000000000000     
   5.6550000000000002        28.260000000000002     
   5.6779999999999999        28.280000000000001     
   5.6890000000000001        28.320000000000000     
   5.7020000000000000        28.350000000000001     
   5.7210000000000001        28.370000000000001     
   5.7380000000000004        28.390000000000001     
   5.7350000000000003        28.420000000000002     
   5.7500000000000000        28.440000000000001     
   5.7619999999999996        28.480000000000000     
   5.7779999999999996        28.510000000000002     
   5.7900000000000000        28.530000000000001     
   5.8070000000000004        28.550000000000001     
   5.8150000000000004        28.579999999999998     
   5.8369999999999997        28.620000000000001     
   5.8460000000000001        28.640000000000001     
   5.8659999999999997        28.670000000000002     
   5.8739999999999997        28.690000000000001     
   5.8949999999999996        28.710000000000001     
   5.9059999999999997        28.750000000000000     
   5.9199999999999999        28.780000000000001     
   5.9290000000000003        28.800000000000001     
   5.9459999999999997        28.820000000000000     
   5.9600000000000000        28.850000000000001     
   5.9740000000000002        28.890000000000001     
   6.0019999999999998        28.910000000000000     
   6.0099999999999998        28.940000000000001     
   6.0149999999999997        28.960000000000001     
   6.0320000000000000        28.980000000000000     
   6.0490000000000004        29.010000000000002     
   6.0499999999999998        29.050000000000001     
   6.0810000000000004        29.070000000000000     
   6.0860000000000003        29.100000000000001     
   6.1139999999999999        29.120000000000001     
   6.1130000000000004        29.160000000000000     
   6.1410000000000000        29.170000000000002     
   6.1420000000000003        29.210000000000001     
   6.1689999999999996        29.230000000000000     
   6.1710000000000003        29.260000000000002     
   6.1840000000000002        29.280000000000001     
   6.2000000000000002        29.320000000000000     
   6.2270000000000003        29.350000000000001     
   6.2350000000000003        29.370000000000001     
   6.2549999999999999        29.390000000000001     
   6.2660000000000000        29.420000000000002     
   6.2839999999999998        29.440000000000001     
   6.2990000000000004        29.480000000000000     
   6.3109999999999999        29.510000000000002     
   6.3310000000000004        29.530000000000001     
   6.3419999999999996        29.550000000000001     
   6.3609999999999998        29.579999999999998     
   6.3789999999999996        29.620000000000001     
   6.3890000000000002        29.640000000000001     
   6.4080000000000004        29.670000000000002     
   6.4180000000000001        29.690000000000001     
   6.4400000000000004        29.710000000000001     
   6.4480000000000004        29.750000000000000     
   6.4640000000000004        29.780000000000001     
   6.4840000000000000        29.800000000000001     
   6.5000000000000000        29.820000000000000     
   6.5140000000000002        29.850000000000001     
   6.5359999999999996        29.890000000000001     
   6.5540000000000003        29.920000000000002     
   6.5640000000000001        29.940000000000001     
   6.5830000000000002        29.960000000000001     
   6.5949999999999998        30.000000000000000     
   6.6189999999999998        30.010000000000002     
   6.6319999999999997        30.050000000000001     
   6.6509999999999998        30.070000000000000     
   6.6600000000000001        30.100000000000001     
   6.6829999999999998        30.120000000000001     
   6.7100000000000000        30.160000000000000     
   6.7190000000000003        30.190000000000001     
   6.7340000000000000        30.210000000000001     
   6.7510000000000003        30.230000000000000     
   6.7699999999999996        30.260000000000002     
   6.7800000000000002        30.300000000000001     
   6.8010000000000002        30.320000000000000     
   6.8159999999999998        30.350000000000001     
   6.8380000000000001        30.370000000000001     
   6.8520000000000003        30.410000000000000     
   6.8769999999999998        30.420000000000002     
   6.8830000000000000        30.460000000000001     
   6.9080000000000004        30.480000000000000     
   6.9210000000000003        30.510000000000002     
   6.9409999999999998        30.530000000000001     
   6.9560000000000004        30.570000000000000     
   6.9760000000000000        30.600000000000001     
   6.9980000000000002        30.620000000000001     
   7.0099999999999998        30.640000000000001     
   7.0339999999999998        30.670000000000002     
   7.0469999999999997        30.710000000000001     
   7.0670000000000002        30.730000000000000     
   7.0839999999999996        30.760000000000002     
   7.1079999999999997        30.780000000000001     
   7.1200000000000001        30.820000000000000     
   7.1390000000000002        30.829999999999998     
   7.1600000000000001        30.870000000000001     
   7.1779999999999999        30.890000000000001     
   7.1929999999999996        30.920000000000002     
   7.2119999999999997        30.940000000000001     
   7.2340000000000000        30.980000000000000     
   7.2500000000000000        31.010000000000002     
   7.2660000000000000        31.030000000000001     
   7.2910000000000004        31.050000000000001     
   7.3079999999999998        31.079999999999998     
   7.3239999999999998        31.120000000000001     
   7.3419999999999996        31.140000000000001     
   7.3659999999999997        31.170000000000002     
   7.3929999999999998        31.190000000000001     
   7.4039999999999999        31.230000000000000     
   7.4260000000000002        31.250000000000000     
   7.4420000000000002        31.280000000000001     
   7.4710000000000001        31.300000000000001     
   7.4850000000000003        31.329999999999998     
   7.4950000000000001        31.350000000000001     
   7.5199999999999996        31.390000000000001     
   7.5330000000000004        31.420000000000002     
   7.5560000000000000        31.440000000000001     
   7.5739999999999998        31.460000000000001     
   7.5960000000000001        31.500000000000000     
   7.6150000000000002        31.530000000000001     
   7.6360000000000001        31.550000000000001     
   7.6619999999999999        31.570000000000000     
   7.6719999999999997        31.600000000000001     
   7.6959999999999997        31.640000000000001     
   7.7039999999999997        31.670000000000002     
   7.7380000000000004        31.690000000000001     
   7.7450000000000001        31.710000000000001     
   7.7640000000000002        31.750000000000000     
   7.7930000000000001        31.780000000000001     
   7.8070000000000004        31.800000000000001     
   7.8250000000000002        31.820000000000000     
   7.8440000000000003        31.850000000000001     
   7.8680000000000003        31.890000000000001     
   7.8910000000000000        31.910000000000000     
   7.9089999999999998        31.940000000000001     
   7.9260000000000002        31.960000000000001     
   7.9489999999999998        32.000000000000000     
   7.9669999999999996        32.020000000000003     
   7.9809999999999999        32.039999999999999     
   8.0079999999999991        32.070000000000000     
   8.0299999999999994        32.100000000000001     
   8.0389999999999997        32.130000000000003     
   8.0719999999999992        32.149999999999999     
   8.0869999999999997        32.180000000000000     
   8.1039999999999992        32.210000000000001     
   8.1259999999999994        32.240000000000002     
   8.1470000000000002        32.270000000000003     
   8.1690000000000005        32.289999999999999     
   8.1959999999999997        32.320000000000000     
   8.2100000000000009        32.350000000000001     
   8.2340000000000000        32.380000000000003     
   8.2390000000000008        32.399999999999999     
   8.2609999999999992        32.430000000000000     
   8.2959999999999994        32.460000000000001     
   8.3140000000000001        32.490000000000002     
   8.3279999999999994        32.520000000000003     
   8.3490000000000002        32.539999999999999     
   8.3710000000000004        32.570000000000000     
   8.3970000000000002        32.600000000000001     
   8.4070000000000000        32.630000000000003     
   8.3539999999999992        32.649999999999999     
   8.3740000000000006        32.680000000000000     
   8.3949999999999996        32.710000000000001     
   8.4109999999999996        32.740000000000002     
   8.4009999999999998        32.770000000000003     
   8.4580000000000002        32.789999999999999     
   8.4819999999999993        32.820000000000000     
   8.4969999999999999        32.850000000000001     
   8.4920000000000009        32.880000000000003     
   8.5440000000000005        32.899999999999999     
   8.5619999999999994        32.930000000000000     
   8.5600000000000005        32.960000000000001     
   8.5999999999999996        32.990000000000002     
   8.6270000000000007        33.020000000000003     
   8.6170000000000009        33.039999999999999     
   8.6709999999999994        33.070000000000000     
   8.6639999999999997        33.100000000000001     
   8.7170000000000005        33.130000000000003     
   8.7110000000000003        33.149999999999999     
   8.7650000000000006        33.180000000000000     
   8.7780000000000005        33.210000000000001     
   8.7989999999999995        33.240000000000002     
   8.8399999999999999        33.270000000000003     
   8.8420000000000005        33.289999999999999     
   8.8369999999999997        33.320000000000000     
   8.8940000000000001        33.350000000000001     
   8.9190000000000005        33.380000000000003     
   8.9350000000000005        33.399999999999999     
   8.9589999999999996        33.430000000000000     
   8.9809999999999999        33.460000000000001     
   8.9700000000000006        33.490000000000002     
   9.0229999999999997        33.520000000000003     
   9.0440000000000005        33.539999999999999     
   9.0730000000000004        33.570000000000000     
   9.0739999999999998        33.600000000000001     
   9.1129999999999995        33.630000000000003     
   9.1410000000000000        33.649999999999999     
   9.1329999999999991        33.680000000000000     
   9.1940000000000008        33.710000000000001     
   9.2100000000000009        33.750000000000000     
   9.2300000000000004        33.770000000000003     
   9.2319999999999993        33.789999999999999     
   9.2739999999999991        33.820000000000000     
   9.2970000000000006        33.850000000000001     
   9.3059999999999992        33.890000000000001     
   9.3430000000000000        33.899999999999999     
   9.3520000000000003        33.930000000000000     
   9.3949999999999996        33.960000000000001     
   9.3979999999999997        34.000000000000000     
   9.4469999999999992        34.030000000000001     
   9.4380000000000006        34.039999999999999     
   9.4920000000000009        34.070000000000000     
   9.5090000000000003        34.100000000000001     
   9.5340000000000007        34.140000000000001     
   9.5649999999999995        34.170000000000002     
   9.5850000000000009        34.180000000000000     
   9.5850000000000009        34.210000000000001     
   9.6449999999999996        34.250000000000000     
   9.6340000000000003        34.280000000000001     
   9.6839999999999993        34.310000000000002     
   9.6809999999999992        34.320000000000000     
   9.7300000000000004        34.350000000000001     
   9.7370000000000001        34.390000000000001     
   9.7769999999999992        34.420000000000002     
   9.8059999999999992        34.450000000000003     
   9.8070000000000004        34.469999999999999     
   9.8580000000000005        34.500000000000000     
   9.8599999999999994        34.530000000000001     
   9.9039999999999999        34.560000000000002     
   9.9039999999999999        34.590000000000003     
   9.9520000000000000        34.609999999999999     
   9.9600000000000009        34.640000000000001     
   9.9949999999999992        34.670000000000002     
   10.010000000000000        34.700000000000003     
   10.048000000000000        34.719999999999999     
   10.077999999999999        34.750000000000000     
   10.081000000000000        34.780000000000001     
   10.128000000000000        34.810000000000002     
   10.135999999999999        34.840000000000003     
   10.160000000000000        34.859999999999999     
   10.202000000000000        34.890000000000001     
   10.212000000000000        34.920000000000002     
   10.253000000000000        34.960000000000001     
   10.262000000000000        34.969999999999999     
   10.308000000000000        35.000000000000000     
   10.332000000000001        35.030000000000001     
   10.343000000000000        35.070000000000000     
   10.382999999999999        35.100000000000001     
   10.398000000000000        35.109999999999999     
   10.436000000000000        35.140000000000001     
   10.448000000000000        35.170000000000002     
   10.487000000000000        35.210000000000001     
   10.497999999999999        35.240000000000002     
   10.539000000000000        35.270000000000003     
   10.557000000000000        35.289999999999999     
   10.597000000000000        35.320000000000000     
   10.614000000000001        35.350000000000001     
   10.647000000000000        35.380000000000003     
   10.663000000000000        35.399999999999999     
   10.682000000000000        35.430000000000000     
   10.730000000000000        35.460000000000001     
   10.736000000000001        35.490000000000002     
   10.782999999999999        35.520000000000003     
   10.792999999999999        35.539999999999999     
   10.830000000000000        35.570000000000000     
   10.856999999999999        35.600000000000001     
   10.874000000000001        35.640000000000001     
   10.917000000000000        35.649999999999999     
   10.929000000000000        35.680000000000000     
   10.957000000000001        35.710000000000001     
   10.997999999999999        35.750000000000000     
   11.013000000000000        35.780000000000001     
   11.050000000000001        35.810000000000002     
   11.074000000000000        35.840000000000003     
   11.097000000000000        35.850000000000001     
   11.128000000000000        35.890000000000001     
   11.167999999999999        35.920000000000002     
   11.182000000000000        35.950000000000003     
   11.225000000000000        35.969999999999999     
   11.238000000000000        36.000000000000000     
   11.272000000000000        36.030000000000001     
   11.308000000000000        36.060000000000002     
   11.320000000000000        36.090000000000003     
   11.349000000000000        36.109999999999999     
   11.379000000000000        36.140000000000001     
   11.414999999999999        36.170000000000002     
   11.438000000000001        36.210000000000001     
   11.465000000000000        36.240000000000002     
   11.493000000000000        36.250000000000000     
   11.532000000000000        36.280000000000001     
   11.553000000000001        36.320000000000000     
   11.577999999999999        36.350000000000001     
   11.611000000000001        36.380000000000003     
   11.640000000000001        36.399999999999999     
   11.667999999999999        36.430000000000000     
   11.698000000000000        36.460000000000001     
   11.728000000000000        36.490000000000002     
   11.757999999999999        36.520000000000003     
   11.786000000000000        36.539999999999999     
   11.815000000000000        36.570000000000000     
   11.842000000000001        36.600000000000001     
   11.872000000000000        36.640000000000001     
   11.907000000000000        36.670000000000002     
   11.930000000000000        36.680000000000000     
   11.968999999999999        36.710000000000001     
   11.989000000000001        36.750000000000000     
   12.021000000000001        36.780000000000001     
   12.052000000000000        36.810000000000002     
   12.079000000000001        36.840000000000003     
   12.108000000000001        36.859999999999999     
   12.138000000000000        36.890000000000001     
   12.172000000000001        36.920000000000002     
   12.199000000000000        36.950000000000003     
   12.231000000000000        36.969999999999999     
   12.262000000000000        37.000000000000000     
   12.292000000000000        37.030000000000001     
   12.319000000000001        37.070000000000000     
   12.351000000000001        37.100000000000001     
   12.385000000000000        37.130000000000003     
   12.419000000000000        37.149999999999999     
   12.445000000000000        37.170000000000002     
   12.465999999999999        37.210000000000001     

 POLYNOMIAL REGRESSION OF DEGREE  1

C-----   INTERCEPT
      DATA RCPT/    0.1897222214720836D+02/

C-----   REGRESSION COEFFICIENTS
      DATA D(1) /    0.1569099568438780D+01/

        ANALYSIS OF VARIANCE FOR   1  DEGREE POLYNOMIAL


 SOURCE OF VARIATION  DEGREE      SUM OF        MEAN          F    IMPROVEMENT
                        OF        SQUARES       SQUARE      VALUE  IN TERMS OF
                     FREEDOM                                       SUM OF SQUARE

 DUE TO REGRESSION     1       7857.01215   7857.01215  19697.76208   7857.01215
 DEVIATION ABOUT
        REGRESSION   504        201.03472      0.39888
 TOTAL               505       8058.04687




 POLYNOMIAL REGRESSION OF DEGREE  2

C-----   INTERCEPT
      DATA RCPT/    0.1335071923780652D+02/

C-----   REGRESSION COEFFICIENTS
      DATA D(1) /    0.3208356314002820D+01/
      DATA D(2) /   -0.1062057377302121D+00/

        ANALYSIS OF VARIANCE FOR   2  DEGREE POLYNOMIAL


 SOURCE OF VARIATION  DEGREE      SUM OF        MEAN          F    IMPROVEMENT
                        OF        SQUARES       SQUARE      VALUE  IN TERMS OF
                     FREEDOM                                       SUM OF SQUARE

 DUE TO REGRESSION     2       8039.08570   4019.54285 106629.98395    182.07354
 DEVIATION ABOUT
        REGRESSION   503         18.96118      0.03770
 TOTAL               505       8058.04687




 POLYNOMIAL REGRESSION OF DEGREE  3

C-----   INTERCEPT
      DATA RCPT/    0.8200586762277819D+01/

C-----   REGRESSION COEFFICIENTS
      DATA D(1) /    0.5465608265162368D+01/
      DATA D(2) /   -0.4119350000706286D+00/
      DATA D(3) /    0.1293135548098615D-01/

        ANALYSIS OF VARIANCE FOR   3  DEGREE POLYNOMIAL


 SOURCE OF VARIATION  DEGREE      SUM OF        MEAN          F    IMPROVEMENT
                        OF        SQUARES       SQUARE      VALUE  IN TERMS OF
                     FREEDOM                                       SUM OF SQUARE

 DUE TO REGRESSION     3       8051.99619   2683.99873 222680.26322     12.91050
 DEVIATION ABOUT
        REGRESSION   502          6.05068      0.01205
 TOTAL               505       8058.04687




 POLYNOMIAL REGRESSION OF DEGREE  4

C-----   INTERCEPT
      DATA RCPT/   -0.9147971694642578D+00/

C-----   REGRESSION COEFFICIENTS
      DATA D(1) /    0.1078969318502488D+02/
      DATA D(2) /   -0.1517094032267804D+01/
      DATA D(3) /    0.1099188176320722D+00/
      DATA D(4) /   -0.3052120724076869D-02/

        ANALYSIS OF VARIANCE FOR   4  DEGREE POLYNOMIAL


 SOURCE OF VARIATION  DEGREE      SUM OF        MEAN          F    IMPROVEMENT
                        OF        SQUARES       SQUARE      VALUE  IN TERMS OF
                     FREEDOM                                       SUM OF SQUARE

 DUE TO REGRESSION     4       8055.46215   2013.86554 390349.40234      3.46595
 DEVIATION ABOUT
        REGRESSION   501          2.58473      0.00516
 TOTAL               505       8058.04687



