

 POLYNOMIAL REGRESSION.....SAMPLE

 NUMBER OF OBSERVATION,1576
 HIGHEST DEGREE   4
   538.00000000000000        27218.000000000000     
   541.00000000000000        27215.000000000000     
   545.00000000000000        27215.000000000000     
   548.00000000000000        27218.000000000000     
   550.00000000000000        27214.000000000000     
   554.00000000000000        27214.000000000000     
   557.00000000000000        27210.000000000000     
   559.00000000000000        27213.000000000000     
   562.00000000000000        27211.000000000000     
   565.00000000000000        27209.000000000000     
   567.00000000000000        27209.000000000000     
   570.00000000000000        27207.000000000000     
   574.00000000000000        27207.000000000000     
   576.00000000000000        27202.000000000000     
   579.00000000000000        27205.000000000000     
   583.00000000000000        27203.000000000000     
   584.00000000000000        27201.000000000000     
   587.00000000000000        27198.000000000000     
   591.00000000000000        27199.000000000000     
   594.00000000000000        27193.000000000000     
   596.00000000000000        27193.000000000000     
   600.00000000000000        27190.000000000000     
   603.00000000000000        27189.000000000000     
   605.00000000000000        27189.000000000000     
   608.00000000000000        27187.000000000000     
   611.00000000000000        27187.000000000000     
   613.00000000000000        27182.000000000000     
   616.00000000000000        27180.000000000000     
   620.00000000000000        27182.000000000000     
   623.00000000000000        27175.000000000000     
   625.00000000000000        27177.000000000000     
   628.00000000000000        27173.000000000000     
   630.00000000000000        27174.000000000000     
   633.00000000000000        27170.000000000000     
   637.00000000000000        27173.000000000000     
   640.00000000000000        27167.000000000000     
   642.00000000000000        27163.000000000000     
   645.00000000000000        27164.000000000000     
   648.00000000000000        27163.000000000000     
   650.00000000000000        27159.000000000000     
   654.00000000000000        27155.000000000000     
   657.00000000000000        27156.000000000000     
   659.00000000000000        27150.000000000000     
   662.00000000000000        27149.000000000000     
   666.00000000000000        27147.000000000000     
   667.00000000000000        27151.000000000000     
   670.00000000000000        27148.000000000000     
   674.00000000000000        27147.000000000000     
   676.00000000000000        27148.000000000000     
   679.00000000000000        27143.000000000000     
   683.00000000000000        27143.000000000000     
   684.00000000000000        27140.000000000000     
   687.00000000000000        27138.000000000000     
   691.00000000000000        27135.000000000000     
   694.00000000000000        27134.000000000000     
   696.00000000000000        27135.000000000000     
   700.00000000000000        27130.000000000000     
   701.00000000000000        27126.000000000000     
   704.00000000000000        27123.000000000000     
   708.00000000000000        27119.000000000000     
   711.00000000000000        27123.000000000000     
   713.00000000000000        27122.000000000000     
   716.00000000000000        27114.000000000000     
   719.00000000000000        27116.000000000000     
   721.00000000000000        27109.000000000000     
   725.00000000000000        27107.000000000000     
   728.00000000000000        27105.000000000000     
   730.00000000000000        27103.000000000000     
   733.00000000000000        27104.000000000000     
   736.00000000000000        27095.000000000000     
   738.00000000000000        27091.000000000000     
   741.00000000000000        27093.000000000000     
   745.00000000000000        27089.000000000000     
   748.00000000000000        27090.000000000000     
   750.00000000000000        27083.000000000000     
   753.00000000000000        27084.000000000000     
   755.00000000000000        27079.000000000000     
   758.00000000000000        27077.000000000000     
   762.00000000000000        27072.000000000000     
   765.00000000000000        27071.000000000000     
   766.00000000000000        27070.000000000000     
   770.00000000000000        27069.000000000000     
   773.00000000000000        27066.000000000000     
   775.00000000000000        27060.000000000000     
   779.00000000000000        27062.000000000000     
   780.00000000000000        27059.000000000000     
   783.00000000000000        27057.000000000000     
   787.00000000000000        27049.000000000000     
   790.00000000000000        27050.000000000000     
   792.00000000000000        27046.000000000000     
   795.00000000000000        27051.000000000000     
   798.00000000000000        27044.000000000000     
   800.00000000000000        27043.000000000000     
   803.00000000000000        27034.000000000000     
   807.00000000000000        27036.000000000000     
   809.00000000000000        27030.000000000000     
   811.00000000000000        27028.000000000000     
   815.00000000000000        27028.000000000000     
   817.00000000000000        27030.000000000000     
   821.00000000000000        27021.000000000000     
   824.00000000000000        27023.000000000000     
   825.00000000000000        27015.000000000000     
   828.00000000000000        27012.000000000000     
   832.00000000000000        27008.000000000000     
   834.00000000000000        27014.000000000000     
   838.00000000000000        27011.000000000000     
   840.00000000000000        27001.000000000000     
   842.00000000000000        27000.000000000000     
   846.00000000000000        27004.000000000000     
   849.00000000000000        26998.000000000000     
   851.00000000000000        26995.000000000000     
   853.00000000000000        26990.000000000000     
   857.00000000000000        26992.000000000000     
   859.00000000000000        26982.000000000000     
   863.00000000000000        26982.000000000000     
   865.00000000000000        26977.000000000000     
   867.00000000000000        26979.000000000000     
   871.00000000000000        26972.000000000000     
   874.00000000000000        26975.000000000000     
   876.00000000000000        26972.000000000000     
   878.00000000000000        26960.000000000000     
   882.00000000000000        26956.000000000000     
   884.00000000000000        26958.000000000000     
   888.00000000000000        26950.000000000000     
   891.00000000000000        26956.000000000000     
   892.00000000000000        26950.000000000000     
   896.00000000000000        26949.000000000000     
   899.00000000000000        26942.000000000000     
   901.00000000000000        26942.000000000000     
   903.00000000000000        26937.000000000000     
   907.00000000000000        26932.000000000000     
   909.00000000000000        26931.000000000000     
   913.00000000000000        26925.000000000000     
   916.00000000000000        26924.000000000000     
   917.00000000000000        26920.000000000000     
   921.00000000000000        26926.000000000000     
   924.00000000000000        26915.000000000000     
   926.00000000000000        26915.000000000000     
   928.00000000000000        26917.000000000000     
   932.00000000000000        26910.000000000000     
   934.00000000000000        26907.000000000000     
   938.00000000000000        26904.000000000000     
   940.00000000000000        26908.000000000000     
   942.00000000000000        26894.000000000000     
   946.00000000000000        26899.000000000000     
   949.00000000000000        26891.000000000000     
   951.00000000000000        26887.000000000000     
   953.00000000000000        26884.000000000000     
   957.00000000000000        26877.000000000000     
   959.00000000000000        26883.000000000000     
   963.00000000000000        26873.000000000000     
   965.00000000000000        26869.000000000000     
   967.00000000000000        26867.000000000000     
   971.00000000000000        26862.000000000000     
   974.00000000000000        26862.000000000000     
   975.00000000000000        26856.000000000000     
   978.00000000000000        26854.000000000000     
   982.00000000000000        26846.000000000000     
   984.00000000000000        26847.000000000000     
   988.00000000000000        26848.000000000000     
   990.00000000000000        26843.000000000000     
   992.00000000000000        26835.000000000000     
   996.00000000000000        26833.000000000000     
   999.00000000000000        26833.000000000000     
   1000.0000000000000        26833.000000000000     
   1003.0000000000000        26823.000000000000     
   1007.0000000000000        26822.000000000000     
   1009.0000000000000        26820.000000000000     
   1011.0000000000000        26814.000000000000     
   1015.0000000000000        26807.000000000000     
   1017.0000000000000        26803.000000000000     
   1021.0000000000000        26800.000000000000     
   1023.0000000000000        26800.000000000000     
   1025.0000000000000        26790.000000000000     
   1028.0000000000000        26795.000000000000     
   1032.0000000000000        26792.000000000000     
   1033.0000000000000        26784.000000000000     
   1036.0000000000000        26783.000000000000     
   1040.0000000000000        26782.000000000000     
   1042.0000000000000        26777.000000000000     
   1044.0000000000000        26775.000000000000     
   1048.0000000000000        26774.000000000000     
   1050.0000000000000        26763.000000000000     
   1053.0000000000000        26767.000000000000     
   1056.0000000000000        26762.000000000000     
   1058.0000000000000        26759.000000000000     
   1061.0000000000000        26752.000000000000     
   1065.0000000000000        26745.000000000000     
   1066.0000000000000        26743.000000000000     
   1069.0000000000000        26743.000000000000     
   1073.0000000000000        26741.000000000000     
   1075.0000000000000        26737.000000000000     
   1077.0000000000000        26731.000000000000     
   1081.0000000000000        26731.000000000000     
   1083.0000000000000        26725.000000000000     
   1085.0000000000000        26722.000000000000     
   1089.0000000000000        26715.000000000000     
   1091.0000000000000        26719.000000000000     
   1094.0000000000000        26708.000000000000     
   1097.0000000000000        26708.000000000000     
   1100.0000000000000        26696.000000000000     
   1102.0000000000000        26708.000000000000     
   1106.0000000000000        26698.000000000000     
   1108.0000000000000        26695.000000000000     
   1110.0000000000000        26692.000000000000     
   1114.0000000000000        26689.000000000000     
   1116.0000000000000        26685.000000000000     
   1118.0000000000000        26689.000000000000     
   1122.0000000000000        26679.000000000000     
   1125.0000000000000        26679.000000000000     
   1126.0000000000000        26679.000000000000     
   1130.0000000000000        26675.000000000000     
   1133.0000000000000        26667.000000000000     
   1135.0000000000000        26669.000000000000     
   1138.0000000000000        26667.000000000000     
   1141.0000000000000        26660.000000000000     
   1143.0000000000000        26655.000000000000     
   1146.0000000000000        26655.000000000000     
   1149.0000000000000        26651.000000000000     
   1151.0000000000000        26637.000000000000     
   1155.0000000000000        26643.000000000000     
   1157.0000000000000        26639.000000000000     
   1159.0000000000000        26637.000000000000     
   1163.0000000000000        26629.000000000000     
   1166.0000000000000        26625.000000000000     
   1167.0000000000000        26622.000000000000     
   1171.0000000000000        26618.000000000000     
   1174.0000000000000        26613.000000000000     
   1175.0000000000000        26612.000000000000     
   1178.0000000000000        26606.000000000000     
   1182.0000000000000        26601.000000000000     
   1184.0000000000000        26597.000000000000     
   1186.0000000000000        26593.000000000000     
   1190.0000000000000        26585.000000000000     
   1192.0000000000000        26585.000000000000     
   1194.0000000000000        26585.000000000000     
   1198.0000000000000        26578.000000000000     
   1200.0000000000000        26570.000000000000     
   1203.0000000000000        26578.000000000000     
   1206.0000000000000        26564.000000000000     
   1208.0000000000000        26562.000000000000     
   1211.0000000000000        26560.000000000000     
   1214.0000000000000        26553.000000000000     
   1216.0000000000000        26553.000000000000     
   1219.0000000000000        26549.000000000000     
   1223.0000000000000        26546.000000000000     
   1225.0000000000000        26536.000000000000     
   1227.0000000000000        26539.000000000000     
   1231.0000000000000        26531.000000000000     
   1233.0000000000000        26528.000000000000     
   1235.0000000000000        26518.000000000000     
   1239.0000000000000        26516.000000000000     
   1241.0000000000000        26521.000000000000     
   1243.0000000000000        26511.000000000000     
   1247.0000000000000        26507.000000000000     
   1250.0000000000000        26505.000000000000     
   1251.0000000000000        26502.000000000000     
   1255.0000000000000        26492.000000000000     
   1258.0000000000000        26488.000000000000     
   1260.0000000000000        26492.000000000000     
   1263.0000000000000        26483.000000000000     
   1266.0000000000000        26481.000000000000     
   1268.0000000000000        26474.000000000000     
   1271.0000000000000        26479.000000000000     
   1274.0000000000000        26472.000000000000     
   1276.0000000000000        26466.000000000000     
   1278.0000000000000        26460.000000000000     
   1282.0000000000000        26468.000000000000     
   1284.0000000000000        26453.000000000000     
   1288.0000000000000        26447.000000000000     
   1290.0000000000000        26455.000000000000     
   1292.0000000000000        26437.000000000000     
   1296.0000000000000        26437.000000000000     
   1298.0000000000000        26432.000000000000     
   1300.0000000000000        26432.000000000000     
   1303.0000000000000        26419.000000000000     
   1306.0000000000000        26411.000000000000     
   1308.0000000000000        26422.000000000000     
   1311.0000000000000        26411.000000000000     
   1315.0000000000000        26405.000000000000     
   1316.0000000000000        26408.000000000000     
   1319.0000000000000        26393.000000000000     
   1323.0000000000000        26401.000000000000     
   1325.0000000000000        26390.000000000000     
   1327.0000000000000        26393.000000000000     
   1331.0000000000000        26384.000000000000     
   1333.0000000000000        26380.000000000000     
   1335.0000000000000        26385.000000000000     
   1339.0000000000000        26375.000000000000     
   1341.0000000000000        26378.000000000000     
   1343.0000000000000        26363.000000000000     
   1347.0000000000000        26369.000000000000     
   1350.0000000000000        26354.000000000000     
   1351.0000000000000        26354.000000000000     
   1355.0000000000000        26354.000000000000     
   1358.0000000000000        26351.000000000000     
   1359.0000000000000        26338.000000000000     
   1363.0000000000000        26337.000000000000     
   1366.0000000000000        26339.000000000000     
   1367.0000000000000        26328.000000000000     
   1371.0000000000000        26318.000000000000     
   1374.0000000000000        26316.000000000000     
   1375.0000000000000        26310.000000000000     
   1378.0000000000000        26317.000000000000     
   1382.0000000000000        26304.000000000000     
   1383.0000000000000        26302.000000000000     
   1386.0000000000000        26305.000000000000     
   1390.0000000000000        26289.000000000000     
   1392.0000000000000        26286.000000000000     
   1394.0000000000000        26292.000000000000     
   1398.0000000000000        26281.000000000000     
   1400.0000000000000        26276.000000000000     
   1402.0000000000000        26280.000000000000     
   1406.0000000000000        26268.000000000000     
   1408.0000000000000        26271.000000000000     
   1410.0000000000000        26260.000000000000     
   1414.0000000000000        26252.000000000000     
   1416.0000000000000        26257.000000000000     
   1418.0000000000000        26241.000000000000     
   1422.0000000000000        26244.000000000000     
   1425.0000000000000        26234.000000000000     
   1426.0000000000000        26231.000000000000     
   1430.0000000000000        26229.000000000000     
   1433.0000000000000        26220.000000000000     
   1434.0000000000000        26216.000000000000     
   1438.0000000000000        26218.000000000000     
   1441.0000000000000        26205.000000000000     
   1442.0000000000000        26205.000000000000     
   1446.0000000000000        26196.000000000000     
   1449.0000000000000        26205.000000000000     
   1451.0000000000000        26190.000000000000     
   1453.0000000000000        26190.000000000000     
   1457.0000000000000        26178.000000000000     
   1458.0000000000000        26184.000000000000     
   1461.0000000000000        26179.000000000000     
   1465.0000000000000        26172.000000000000     
   1467.0000000000000        26174.000000000000     
   1469.0000000000000        26169.000000000000     
   1473.0000000000000        26156.000000000000     
   1475.0000000000000        26149.000000000000     
   1477.0000000000000        26153.000000000000     
   1481.0000000000000        26140.000000000000     
   1483.0000000000000        26140.000000000000     
   1485.0000000000000        26140.000000000000     
   1489.0000000000000        26131.000000000000     
   1491.0000000000000        26128.000000000000     
   1493.0000000000000        26122.000000000000     
   1497.0000000000000        26116.000000000000     
   1500.0000000000000        26109.000000000000     
   1501.0000000000000        26104.000000000000     
   1505.0000000000000        26110.000000000000     
   1508.0000000000000        26099.000000000000     
   1509.0000000000000        26101.000000000000     
   1513.0000000000000        26085.000000000000     
   1516.0000000000000        26077.000000000000     
   1517.0000000000000        26080.000000000000     
   1521.0000000000000        26077.000000000000     
   1524.0000000000000        26062.000000000000     
   1525.0000000000000        26068.000000000000     
   1528.0000000000000        26056.000000000000     
   1532.0000000000000        26065.000000000000     
   1533.0000000000000        26049.000000000000     
   1536.0000000000000        26056.000000000000     
   1540.0000000000000        26042.000000000000     
   1541.0000000000000        26048.000000000000     
   1544.0000000000000        26036.000000000000     
   1548.0000000000000        26039.000000000000     
   1550.0000000000000        26033.000000000000     
   1552.0000000000000        26021.000000000000     
   1556.0000000000000        26021.000000000000     
   1558.0000000000000        26015.000000000000     
   1560.0000000000000        26014.000000000000     
   1564.0000000000000        26012.000000000000     
   1566.0000000000000        25997.000000000000     
   1568.0000000000000        26003.000000000000     
   1572.0000000000000        25994.000000000000     
   1574.0000000000000        25975.000000000000     
   1576.0000000000000        25988.000000000000     
   1580.0000000000000        25979.000000000000     
   1582.0000000000000        25965.000000000000     
   1584.0000000000000        25973.000000000000     
   1588.0000000000000        25970.000000000000     
   1590.0000000000000        25949.000000000000     
   1592.0000000000000        25954.000000000000     
   1596.0000000000000        25940.000000000000     
   1598.0000000000000        25946.000000000000     
   1601.0000000000000        25937.000000000000     
   1603.0000000000000        25927.000000000000     
   1605.0000000000000        25935.000000000000     
   1608.0000000000000        25920.000000000000     
   1612.0000000000000        26021.000000000000     
   1614.0000000000000        25972.000000000000     
   1617.0000000000000        25953.000000000000     
   1619.0000000000000        25946.000000000000     
   1621.0000000000000        25921.000000000000     
   1625.0000000000000        25905.000000000000     
   1626.0000000000000        25893.000000000000     
   1630.0000000000000        26302.000000000000     
   1632.0000000000000        26313.000000000000     
   1635.0000000000000        26281.000000000000     
   1637.0000000000000        26333.000000000000     
   1641.0000000000000        26313.000000000000     
   1642.0000000000000        26323.000000000000     
   1646.0000000000000        26250.000000000000     
   1648.0000000000000        26292.000000000000     
   1651.0000000000000        26292.000000000000     
   1653.0000000000000        26271.000000000000     
   1657.0000000000000        26208.000000000000     
   1658.0000000000000        26250.000000000000     
   1662.0000000000000        26229.000000000000     
   1664.0000000000000        26156.000000000000     
   1667.0000000000000        26135.000000000000     
   1669.0000000000000        26114.000000000000     
   1673.0000000000000        26076.000000000000     
   1675.0000000000000        26026.000000000000     
   1678.0000000000000        25995.000000000000     
   1680.0000000000000        25994.000000000000     
   1682.0000000000000        25996.000000000000     
   1685.0000000000000        25982.000000000000     
   1689.0000000000000        26024.000000000000     
   1691.0000000000000        26021.000000000000     
   1694.0000000000000        26021.000000000000     
   1696.0000000000000        26073.000000000000     
   1698.0000000000000        26073.000000000000     
   1701.0000000000000        26042.000000000000     
   1703.0000000000000        26083.000000000000     
   1707.0000000000000        26114.000000000000     
   1710.0000000000000        26104.000000000000     
   1712.0000000000000        26042.000000000000     
   1714.0000000000000        26104.000000000000     
   1717.0000000000000        26104.000000000000     
   1719.0000000000000        26104.000000000000     
   1723.0000000000000        26083.000000000000     
   1726.0000000000000        26042.000000000000     
   1728.0000000000000        26063.000000000000     
   1730.0000000000000        26083.000000000000     
   1733.0000000000000        26063.000000000000     
   1735.0000000000000        26063.000000000000     
   1739.0000000000000        26000.000000000000     
   1742.0000000000000        26063.000000000000     
   1744.0000000000000        26042.000000000000     
   1746.0000000000000        26042.000000000000     
   1750.0000000000000        26021.000000000000     
   1751.0000000000000        25938.000000000000     
   1755.0000000000000        25979.000000000000     
   1757.0000000000000        25958.000000000000     
   1760.0000000000000        25938.000000000000     
   1762.0000000000000        25938.000000000000     
   1764.0000000000000        25833.000000000000     
   1767.0000000000000        25896.000000000000     
   1771.0000000000000        25875.000000000000     
   1773.0000000000000        25833.000000000000     
   1776.0000000000000        25833.000000000000     
   1778.0000000000000        25833.000000000000     
   1780.0000000000000        25781.000000000000     
   1783.0000000000000        25771.000000000000     
   1787.0000000000000        25771.000000000000     
   1789.0000000000000        25655.000000000000     
   1792.0000000000000        25596.000000000000     
   1794.0000000000000        25592.000000000000     
   1796.0000000000000        25593.000000000000     
   1800.0000000000000        25589.000000000000     
   1801.0000000000000        25587.000000000000     
   1805.0000000000000        25586.000000000000     
   1807.0000000000000        25579.000000000000     
   1810.0000000000000        25576.000000000000     
   1812.0000000000000        25571.000000000000     
   1816.0000000000000        25566.000000000000     
   1817.0000000000000        25563.000000000000     
   1821.0000000000000        25558.000000000000     
   1823.0000000000000        25552.000000000000     
   1826.0000000000000        25554.000000000000     
   1828.0000000000000        25550.000000000000     
   1832.0000000000000        25551.000000000000     
   1833.0000000000000        25548.000000000000     
   1837.0000000000000        25544.000000000000     
   1839.0000000000000        25538.000000000000     
   1842.0000000000000        25533.000000000000     
   1844.0000000000000        25532.000000000000     
   1846.0000000000000        25530.000000000000     
   1850.0000000000000        25522.000000000000     
   1853.0000000000000        25516.000000000000     
   1855.0000000000000        25515.000000000000     
   1857.0000000000000        25511.000000000000     
   1860.0000000000000        25507.000000000000     
   1862.0000000000000        25498.000000000000     
   1866.0000000000000        25492.000000000000     
   1869.0000000000000        25491.000000000000     
   1871.0000000000000        25486.000000000000     
   1873.0000000000000        25482.000000000000     
   1876.0000000000000        25481.000000000000     
   1878.0000000000000        25472.000000000000     
   1882.0000000000000        25467.000000000000     
   1883.0000000000000        25466.000000000000     
   1887.0000000000000        25461.000000000000     
   1889.0000000000000        25458.000000000000     
   1892.0000000000000        25452.000000000000     
   1894.0000000000000        25452.000000000000     
   1898.0000000000000        25442.000000000000     
   1900.0000000000000        25437.000000000000     
   1903.0000000000000        25435.000000000000     
   1905.0000000000000        25428.000000000000     
   1907.0000000000000        25422.000000000000     
   1910.0000000000000        25420.000000000000     
   1912.0000000000000        25416.000000000000     
   1916.0000000000000        25405.000000000000     
   1919.0000000000000        25401.000000000000     
   1921.0000000000000        25399.000000000000     
   1923.0000000000000        25397.000000000000     
   1926.0000000000000        25387.000000000000     
   1928.0000000000000        25386.000000000000     
   1932.0000000000000        25383.000000000000     
   1935.0000000000000        25383.000000000000     
   1937.0000000000000        25373.000000000000     
   1939.0000000000000        25370.000000000000     
   1942.0000000000000        25364.000000000000     
   1944.0000000000000        25357.000000000000     
   1948.0000000000000        25352.000000000000     
   1950.0000000000000        25347.000000000000     
   1953.0000000000000        25345.000000000000     
   1955.0000000000000        25340.000000000000     
   1957.0000000000000        25335.000000000000     
   1960.0000000000000        25332.000000000000     
   1964.0000000000000        25324.000000000000     
   1966.0000000000000        25321.000000000000     
   1969.0000000000000        25311.000000000000     
   1971.0000000000000        25305.000000000000     
   1973.0000000000000        25303.000000000000     
   1976.0000000000000        25296.000000000000     
   1978.0000000000000        25289.000000000000     
   1982.0000000000000        25283.000000000000     
   1985.0000000000000        25283.000000000000     
   1987.0000000000000        25280.000000000000     
   1989.0000000000000        25279.000000000000     
   1992.0000000000000        25270.000000000000     
   1994.0000000000000        25266.000000000000     
   1998.0000000000000        25259.000000000000     
   2001.0000000000000        25254.000000000000     
   2003.0000000000000        25249.000000000000     
   2005.0000000000000        25244.000000000000     
   2008.0000000000000        25235.000000000000     
   2010.0000000000000        25231.000000000000     
   2014.0000000000000        25227.000000000000     
   2016.0000000000000        25222.000000000000     
   2019.0000000000000        25215.000000000000     
   2021.0000000000000        25211.000000000000     
   2023.0000000000000        25202.000000000000     
   2026.0000000000000        25198.000000000000     
   2030.0000000000000        25195.000000000000     
   2032.0000000000000        25190.000000000000     
   2035.0000000000000        25184.000000000000     
   2037.0000000000000        25181.000000000000     
   2039.0000000000000        25178.000000000000     
   2042.0000000000000        25171.000000000000     
   2044.0000000000000        25166.000000000000     
   2048.0000000000000        25161.000000000000     
   2051.0000000000000        25154.000000000000     
   2053.0000000000000        25151.000000000000     
   2055.0000000000000        25143.000000000000     
   2058.0000000000000        25142.000000000000     
   2060.0000000000000        25138.000000000000     
   2064.0000000000000        25131.000000000000     
   2067.0000000000000        25127.000000000000     
   2069.0000000000000        25122.000000000000     
   2071.0000000000000        25117.000000000000     
   2075.0000000000000        25107.000000000000     
   2076.0000000000000        25103.000000000000     
   2080.0000000000000        25100.000000000000     
   2082.0000000000000        25097.000000000000     
   2085.0000000000000        25092.000000000000     
   2087.0000000000000        25079.000000000000     
   2089.0000000000000        25078.000000000000     
   2092.0000000000000        25076.000000000000     
   2096.0000000000000        25072.000000000000     
   2098.0000000000000        25068.000000000000     
   2101.0000000000000        25062.000000000000     
   2103.0000000000000        25056.000000000000     
   2105.0000000000000        25055.000000000000     
   2108.0000000000000        25050.000000000000     
   2110.0000000000000        25045.000000000000     
   2114.0000000000000        25042.000000000000     
   2117.0000000000000        25034.000000000000     
   2119.0000000000000        25030.000000000000     
   2121.0000000000000        25019.000000000000     
   2125.0000000000000        25014.000000000000     
   2126.0000000000000        25012.000000000000     
   2130.0000000000000        25006.000000000000     
   2132.0000000000000        25002.000000000000     
   2135.0000000000000        24998.000000000000     
   2137.0000000000000        24993.000000000000     
   2139.0000000000000        24988.000000000000     
   2142.0000000000000        24979.000000000000     
   2146.0000000000000        24975.000000000000     
   2148.0000000000000        24969.000000000000     
   2151.0000000000000        24965.000000000000     
   2153.0000000000000        24962.000000000000     
   2155.0000000000000        24955.000000000000     
   2158.0000000000000        24954.000000000000     
   2162.0000000000000        24948.000000000000     
   2164.0000000000000        24943.000000000000     
   2167.0000000000000        24932.000000000000     
   2169.0000000000000        24933.000000000000     
   2171.0000000000000        24927.000000000000     
   2175.0000000000000        24922.000000000000     
   2176.0000000000000        24915.000000000000     
   2180.0000000000000        24907.000000000000     
   2182.0000000000000        24900.000000000000     
   2185.0000000000000        24897.000000000000     
   2187.0000000000000        24892.000000000000     
   2191.0000000000000        24891.000000000000     
   2192.0000000000000        24883.000000000000     
   2196.0000000000000        24880.000000000000     
   2198.0000000000000        24875.000000000000     
   2201.0000000000000        24868.000000000000     
   2203.0000000000000        24862.000000000000     
   2205.0000000000000        24863.000000000000     
   2208.0000000000000        24858.000000000000     
   2212.0000000000000        24856.000000000000     
   2214.0000000000000        24849.000000000000     
   2217.0000000000000        24842.000000000000     
   2219.0000000000000        24835.000000000000     
   2221.0000000000000        24833.000000000000     
   2225.0000000000000        24829.000000000000     
   2228.0000000000000        24825.000000000000     
   2230.0000000000000        24811.000000000000     
   2232.0000000000000        24810.000000000000     
   2235.0000000000000        24804.000000000000     
   2237.0000000000000        24799.000000000000     
   2241.0000000000000        24785.000000000000     
   2242.0000000000000        24779.000000000000     
   2246.0000000000000        24778.000000000000     
   2248.0000000000000        24771.000000000000     
   2251.0000000000000        24764.000000000000     
   2253.0000000000000        24762.000000000000     
   2257.0000000000000        24757.000000000000     
   2258.0000000000000        24753.000000000000     
   2262.0000000000000        24747.000000000000     
   2264.0000000000000        24742.000000000000     
   2267.0000000000000        24741.000000000000     
   2269.0000000000000        24726.000000000000     
   2273.0000000000000        24723.000000000000     
   2275.0000000000000        24719.000000000000     
   2278.0000000000000        24713.000000000000     
   2280.0000000000000        24708.000000000000     
   2282.0000000000000        24701.000000000000     
   2285.0000000000000        24700.000000000000     
   2287.0000000000000        24699.000000000000     
   2291.0000000000000        24694.000000000000     
   2294.0000000000000        24688.000000000000     
   2296.0000000000000        24682.000000000000     
   2298.0000000000000        24674.000000000000     
   2301.0000000000000        24670.000000000000     
   2303.0000000000000        24664.000000000000     
   2307.0000000000000        24662.000000000000     
   2310.0000000000000        24653.000000000000     
   2312.0000000000000        24646.000000000000     
   2314.0000000000000        24642.000000000000     
   2317.0000000000000        24636.000000000000     
   2319.0000000000000        24631.000000000000     
   2323.0000000000000        24623.000000000000     
   2325.0000000000000        24624.000000000000     
   2328.0000000000000        24619.000000000000     
   2330.0000000000000        24610.000000000000     
   2332.0000000000000        24601.000000000000     
   2335.0000000000000        24593.000000000000     
   2339.0000000000000        24587.000000000000     
   2341.0000000000000        24586.000000000000     
   2344.0000000000000        24582.000000000000     
   2346.0000000000000        24575.000000000000     
   2348.0000000000000        24573.000000000000     
   2351.0000000000000        24565.000000000000     
   2355.0000000000000        24558.000000000000     
   2357.0000000000000        24555.000000000000     
   2360.0000000000000        24547.000000000000     
   2362.0000000000000        24545.000000000000     
   2364.0000000000000        24540.000000000000     
   2367.0000000000000        24535.000000000000     
   2369.0000000000000        24530.000000000000     
   2373.0000000000000        24527.000000000000     
   2376.0000000000000        24518.000000000000     
   2378.0000000000000        24514.000000000000     
   2380.0000000000000        24514.000000000000     
   2383.0000000000000        24507.000000000000     
   2385.0000000000000        24500.000000000000     
   2389.0000000000000        24494.000000000000     
   2392.0000000000000        24489.000000000000     
   2394.0000000000000        24484.000000000000     
   2396.0000000000000        24473.000000000000     
   2400.0000000000000        24472.000000000000     
   2401.0000000000000        24468.000000000000     
   2405.0000000000000        24464.000000000000     
   2407.0000000000000        24458.000000000000     
   2410.0000000000000        24443.000000000000     
   2412.0000000000000        24438.000000000000     
   2414.0000000000000        24436.000000000000     
   2417.0000000000000        24433.000000000000     
   2421.0000000000000        24429.000000000000     
   2423.0000000000000        24430.000000000000     
   2426.0000000000000        24421.000000000000     
   2428.0000000000000        24418.000000000000     
   2430.0000000000000        24413.000000000000     
   2433.0000000000000        24403.000000000000     
   2437.0000000000000        24394.000000000000     
   2439.0000000000000        24390.000000000000     
   2442.0000000000000        24390.000000000000     
   2444.0000000000000        24389.000000000000     
   2446.0000000000000        24371.000000000000     
   2450.0000000000000        24369.000000000000     
   2453.0000000000000        24364.000000000000     
   2455.0000000000000        24359.000000000000     
   2457.0000000000000        24354.000000000000     
   2460.0000000000000        24353.000000000000     
   2462.0000000000000        24335.000000000000     
   2466.0000000000000        24329.000000000000     
   2467.0000000000000        24324.000000000000     
   2471.0000000000000        24321.000000000000     
   2473.0000000000000        24316.000000000000     
   2476.0000000000000        24319.000000000000     
   2478.0000000000000        24311.000000000000     
   2482.0000000000000        24313.000000000000     
   2483.0000000000000        24308.000000000000     
   2487.0000000000000        24300.000000000000     
   2489.0000000000000        24293.000000000000     
   2492.0000000000000        24286.000000000000     
   2494.0000000000000        24285.000000000000     
   2498.0000000000000        24268.000000000000     
   2500.0000000000000        24260.000000000000     
   2503.0000000000000        24258.000000000000     
   2505.0000000000000        24248.000000000000     
   2507.0000000000000        24243.000000000000     
   2510.0000000000000        24246.000000000000     
   2514.0000000000000        24240.000000000000     
   2516.0000000000000        24238.000000000000     
   2519.0000000000000        24232.000000000000     
   2521.0000000000000        24227.000000000000     
   2523.0000000000000        24219.000000000000     
   2526.0000000000000        24212.000000000000     
   2530.0000000000000        24199.000000000000     
   2532.0000000000000        24198.000000000000     
   2535.0000000000000        24194.000000000000     
   2537.0000000000000        24192.000000000000     
   2539.0000000000000        24186.000000000000     
   2542.0000000000000        24186.000000000000     
   2546.0000000000000        24172.000000000000     
   2548.0000000000000        24171.000000000000     
   2551.0000000000000        24156.000000000000     
   2553.0000000000000        24154.000000000000     
   2555.0000000000000        24152.000000000000     
   2558.0000000000000        24145.000000000000     
   2562.0000000000000        24138.000000000000     
   2564.0000000000000        24133.000000000000     
   2567.0000000000000        24135.000000000000     
   2569.0000000000000        24135.000000000000     
   2571.0000000000000        24117.000000000000     
   2575.0000000000000        24114.000000000000     
   2578.0000000000000        24112.000000000000     
   2580.0000000000000        24103.000000000000     
   2582.0000000000000        24099.000000000000     
   2585.0000000000000        24097.000000000000     
   2587.0000000000000        24083.000000000000     
   2591.0000000000000        24078.000000000000     
   2592.0000000000000        24075.000000000000     
   2596.0000000000000        24072.000000000000     
   2598.0000000000000        24060.000000000000     
   2601.0000000000000        24052.000000000000     
   2603.0000000000000        24046.000000000000     
   2607.0000000000000        24051.000000000000     
   2608.0000000000000        24042.000000000000     
   2612.0000000000000        24042.000000000000     
   2614.0000000000000        24026.000000000000     
   2617.0000000000000        24023.000000000000     
   2619.0000000000000        24016.000000000000     
   2623.0000000000000        24008.000000000000     
   2626.0000000000000        24006.000000000000     
   2628.0000000000000        24005.000000000000     
   2630.0000000000000        23996.000000000000     
   2632.0000000000000        23993.000000000000     
   2635.0000000000000        23989.000000000000     
   2639.0000000000000        23980.000000000000     
   2642.0000000000000        23981.000000000000     
   2644.0000000000000        23973.000000000000     
   2646.0000000000000        23963.000000000000     
   2650.0000000000000        23969.000000000000     
   2651.0000000000000        23963.000000000000     
   2655.0000000000000        23952.000000000000     
   2657.0000000000000        23945.000000000000     
   2660.0000000000000        23940.000000000000     
   2662.0000000000000        23930.000000000000     
   2666.0000000000000        23924.000000000000     
   2667.0000000000000        23917.000000000000     
   2671.0000000000000        23916.000000000000     
   2673.0000000000000        23908.000000000000     
   2676.0000000000000        23905.000000000000     
   2678.0000000000000        23906.000000000000     
   2682.0000000000000        23899.000000000000     
   2683.0000000000000        23882.000000000000     
   2687.0000000000000        23874.000000000000     
   2689.0000000000000        23875.000000000000     
   2692.0000000000000        23867.000000000000     
   2694.0000000000000        23864.000000000000     
   2698.0000000000000        23860.000000000000     
   2700.0000000000000        23848.000000000000     
   2703.0000000000000        23848.000000000000     
   2705.0000000000000        23845.000000000000     
   2707.0000000000000        23841.000000000000     
   2710.0000000000000        23830.000000000000     
   2714.0000000000000        23826.000000000000     
   2716.0000000000000        23821.000000000000     
   2719.0000000000000        23817.000000000000     
   2721.0000000000000        23814.000000000000     
   2723.0000000000000        23804.000000000000     
   2726.0000000000000        23798.000000000000     
   2730.0000000000000        23795.000000000000     
   2732.0000000000000        23791.000000000000     
   2735.0000000000000        23786.000000000000     
   2737.0000000000000        23782.000000000000     
   2741.0000000000000        23768.000000000000     
   2742.0000000000000        23762.000000000000     
   2746.0000000000000        23758.000000000000     
   2748.0000000000000        23753.000000000000     
   2751.0000000000000        23743.000000000000     
   2753.0000000000000        23743.000000000000     
   2757.0000000000000        23740.000000000000     
   2758.0000000000000        23729.000000000000     
   2762.0000000000000        23720.000000000000     
   2764.0000000000000        23716.000000000000     
   2767.0000000000000        23717.000000000000     
   2769.0000000000000        23711.000000000000     
   2773.0000000000000        23707.000000000000     
   2775.0000000000000        23686.000000000000     
   2778.0000000000000        23688.000000000000     
   2780.0000000000000        23680.000000000000     
   2782.0000000000000        23676.000000000000     
   2785.0000000000000        23671.000000000000     
   2789.0000000000000        23663.000000000000     
   2792.0000000000000        23656.000000000000     
   2794.0000000000000        23652.000000000000     
   2796.0000000000000        23651.000000000000     
   2800.0000000000000        23641.000000000000     
   2801.0000000000000        23639.000000000000     
   2805.0000000000000        23634.000000000000     
   2807.0000000000000        23626.000000000000     
   2810.0000000000000        23627.000000000000     
   2812.0000000000000        23622.000000000000     
   2816.0000000000000        23616.000000000000     
   2817.0000000000000        23614.000000000000     
   2821.0000000000000        23601.000000000000     
   2823.0000000000000        23589.000000000000     
   2826.0000000000000        23586.000000000000     
   2828.0000000000000        23583.000000000000     
   2832.0000000000000        23577.000000000000     
   2835.0000000000000        23575.000000000000     
   2837.0000000000000        23575.000000000000     
   2839.0000000000000        23565.000000000000     
   2842.0000000000000        23558.000000000000     
   2844.0000000000000        23548.000000000000     
   2848.0000000000000        23545.000000000000     
   2851.0000000000000        23538.000000000000     
   2853.0000000000000        23533.000000000000     
   2855.0000000000000        23518.000000000000     
   2858.0000000000000        23512.000000000000     
   2862.0000000000000        23508.000000000000     
   2864.0000000000000        23511.000000000000     
   2867.0000000000000        23503.000000000000     
   2869.0000000000000        23496.000000000000     
   2871.0000000000000        23493.000000000000     
   2875.0000000000000        23491.000000000000     
   2878.0000000000000        23481.000000000000     
   2880.0000000000000        23479.000000000000     
   2882.0000000000000        23471.000000000000     
   2885.0000000000000        23459.000000000000     
   2889.0000000000000        23451.000000000000     
   2891.0000000000000        23443.000000000000     
   2894.0000000000000        23440.000000000000     
   2896.0000000000000        23436.000000000000     
   2898.0000000000000        23429.000000000000     
   2901.0000000000000        23420.000000000000     
   2905.0000000000000        23418.000000000000     
   2907.0000000000000        23414.000000000000     
   2910.0000000000000        23408.000000000000     
   2912.0000000000000        23405.000000000000     
   2916.0000000000000        23394.000000000000     
   2917.0000000000000        23388.000000000000     
   2921.0000000000000        23389.000000000000     
   2923.0000000000000        23382.000000000000     
   2926.0000000000000        23379.000000000000     
   2928.0000000000000        23365.000000000000     
   2932.0000000000000        23362.000000000000     
   2935.0000000000000        23356.000000000000     
   2937.0000000000000        23352.000000000000     
   2939.0000000000000        23347.000000000000     
   2942.0000000000000        23334.000000000000     
   2944.0000000000000        23337.000000000000     
   2948.0000000000000        23327.000000000000     
   2951.0000000000000        23324.000000000000     
   2953.0000000000000        23317.000000000000     
   2955.0000000000000        23311.000000000000     
   2958.0000000000000        23298.000000000000     
   2962.0000000000000        23294.000000000000     
   2964.0000000000000        23291.000000000000     
   2967.0000000000000        23289.000000000000     
   2969.0000000000000        23290.000000000000     
   2971.0000000000000        23279.000000000000     
   2975.0000000000000        23266.000000000000     
   2978.0000000000000        23265.000000000000     
   2980.0000000000000        23266.000000000000     
   2982.0000000000000        23256.000000000000     
   2985.0000000000000        23257.000000000000     
   2989.0000000000000        23250.000000000000     
   2992.0000000000000        23237.000000000000     
   2994.0000000000000        23231.000000000000     
   2996.0000000000000        23226.000000000000     
   3000.0000000000000        23224.000000000000     
   3001.0000000000000        23219.000000000000     
   3005.0000000000000        23217.000000000000     
   3007.0000000000000        23203.000000000000     
   3010.0000000000000        23189.000000000000     
   3012.0000000000000        23187.000000000000     
   3016.0000000000000        23177.000000000000     
   3019.0000000000000        23181.000000000000     
   3021.0000000000000        23169.000000000000     
   3023.0000000000000        23155.000000000000     
   3026.0000000000000        23157.000000000000     
   3030.0000000000000        23155.000000000000     
   3032.0000000000000        23147.000000000000     
   3035.0000000000000        23144.000000000000     
   3037.0000000000000        23137.000000000000     
   3041.0000000000000        23129.000000000000     
   3042.0000000000000        23118.000000000000     
   3046.0000000000000        23118.000000000000     
   3048.0000000000000        23108.000000000000     
   3051.0000000000000        23103.000000000000     
   3053.0000000000000        23097.000000000000     
   3057.0000000000000        23087.000000000000     
   3060.0000000000000        23090.000000000000     
   3062.0000000000000        23084.000000000000     
   3064.0000000000000        23091.000000000000     
   3067.0000000000000        23091.000000000000     
   3071.0000000000000        23079.000000000000     
   3073.0000000000000        23062.000000000000     
   3076.0000000000000        23060.000000000000     
   3078.0000000000000        23055.000000000000     
   3082.0000000000000        23052.000000000000     
   3083.0000000000000        23045.000000000000     
   3087.0000000000000        23042.000000000000     
   3089.0000000000000        23040.000000000000     
   3092.0000000000000        23030.000000000000     
   3094.0000000000000        23024.000000000000     
   3098.0000000000000        23014.000000000000     
   3101.0000000000000        23012.000000000000     
   3103.0000000000000        23004.000000000000     
   3105.0000000000000        23000.000000000000     
   3108.0000000000000        23002.000000000000     
   3112.0000000000000        22988.000000000000     
   3114.0000000000000        22982.000000000000     
   3117.0000000000000        22977.000000000000     
   3119.0000000000000        22972.000000000000     
   3123.0000000000000        22963.000000000000     
   3125.0000000000000        22959.000000000000     
   3128.0000000000000        22958.000000000000     
   3130.0000000000000        22956.000000000000     
   3133.0000000000000        22950.000000000000     
   3135.0000000000000        22949.000000000000     
   3139.0000000000000        22942.000000000000     
   3142.0000000000000        22944.000000000000     
   3144.0000000000000        22933.000000000000     
   3146.0000000000000        22921.000000000000     
   3150.0000000000000        22913.000000000000     
   3153.0000000000000        22899.000000000000     
   3155.0000000000000        22894.000000000000     
   3157.0000000000000        22896.000000000000     
   3160.0000000000000        22886.000000000000     
   3164.0000000000000        22879.000000000000     
   3167.0000000000000        22876.000000000000     
   3169.0000000000000        22875.000000000000     
   3171.0000000000000        22857.000000000000     
   3175.0000000000000        22860.000000000000     
   3178.0000000000000        22847.000000000000     
   3180.0000000000000        22842.000000000000     
   3182.0000000000000        22841.000000000000     
   3185.0000000000000        22836.000000000000     
   3189.0000000000000        22831.000000000000     
   3191.0000000000000        22823.000000000000     
   3194.0000000000000        22816.000000000000     
   3196.0000000000000        22812.000000000000     
   3200.0000000000000        22808.000000000000     
   3202.0000000000000        22806.000000000000     
   3204.0000000000000        22796.000000000000     
   3207.0000000000000        22784.000000000000     
   3210.0000000000000        22778.000000000000     
   3213.0000000000000        22774.000000000000     
   3215.0000000000000        22763.000000000000     
   3218.0000000000000        22760.000000000000     
   3221.0000000000000        22756.000000000000     
   3224.0000000000000        22748.000000000000     
   3227.0000000000000        22745.000000000000     
   3229.0000000000000        22744.000000000000     
   3232.0000000000000        22733.000000000000     
   3235.0000000000000        22727.000000000000     
   3238.0000000000000        22719.000000000000     
   3240.0000000000000        22718.000000000000     
   3243.0000000000000        22714.000000000000     
   3246.0000000000000        22720.000000000000     
   3249.0000000000000        22708.000000000000     
   3252.0000000000000        22703.000000000000     
   3254.0000000000000        22691.000000000000     
   3257.0000000000000        22686.000000000000     
   3260.0000000000000        22681.000000000000     
   3263.0000000000000        22681.000000000000     
   3265.0000000000000        22662.000000000000     
   3268.0000000000000        22661.000000000000     
   3271.0000000000000        22660.000000000000     
   3274.0000000000000        22652.000000000000     
   3277.0000000000000        22641.000000000000     
   3279.0000000000000        22637.000000000000     
   3282.0000000000000        22634.000000000000     
   3285.0000000000000        22626.000000000000     
   3288.0000000000000        22622.000000000000     
   3290.0000000000000        22615.000000000000     
   3293.0000000000000        22618.000000000000     
   3296.0000000000000        22607.000000000000     
   3299.0000000000000        22597.000000000000     
   3302.0000000000000        22595.000000000000     
   3304.0000000000000        22591.000000000000     
   3307.0000000000000        22590.000000000000     
   3310.0000000000000        22583.000000000000     
   3313.0000000000000        22577.000000000000     
   3315.0000000000000        22569.000000000000     
   3318.0000000000000        22566.000000000000     
   3321.0000000000000        22537.000000000000     
   3324.0000000000000        22536.000000000000     
   3327.0000000000000        22538.000000000000     
   3329.0000000000000        22534.000000000000     
   3332.0000000000000        22527.000000000000     
   3335.0000000000000        22525.000000000000     
   3338.0000000000000        22516.000000000000     
   3340.0000000000000        22505.000000000000     
   3343.0000000000000        22500.000000000000     
   3346.0000000000000        22503.000000000000     
   3349.0000000000000        22487.000000000000     
   3352.0000000000000        22486.000000000000     
   3354.0000000000000        22488.000000000000     
   3357.0000000000000        22473.000000000000     
   3360.0000000000000        22470.000000000000     
   3363.0000000000000        22479.000000000000     
   3365.0000000000000        22458.000000000000     
   3368.0000000000000        22451.000000000000     
   3371.0000000000000        22449.000000000000     
   3375.0000000000000        22450.000000000000     
   3377.0000000000000        22439.000000000000     
   3379.0000000000000        22435.000000000000     
   3382.0000000000000        22433.000000000000     
   3385.0000000000000        22423.000000000000     
   3389.0000000000000        22417.000000000000     
   3390.0000000000000        22419.000000000000     
   3393.0000000000000        22408.000000000000     
   3396.0000000000000        22404.000000000000     
   3400.0000000000000        22397.000000000000     
   3403.0000000000000        22383.000000000000     
   3404.0000000000000        22386.000000000000     
   3407.0000000000000        22378.000000000000     
   3410.0000000000000        22378.000000000000     
   3414.0000000000000        22359.000000000000     
   3417.0000000000000        22359.000000000000     
   3418.0000000000000        22347.000000000000     
   3421.0000000000000        22341.000000000000     
   3425.0000000000000        22343.000000000000     
   3428.0000000000000        22337.000000000000     
   3431.0000000000000        22326.000000000000     
   3432.0000000000000        22319.000000000000     
   3435.0000000000000        22317.000000000000     
   3439.0000000000000        22309.000000000000     
   3442.0000000000000        22299.000000000000     
   3445.0000000000000        22295.000000000000     
   3447.0000000000000        22300.000000000000     
   3450.0000000000000        22287.000000000000     
   3453.0000000000000        22286.000000000000     
   3456.0000000000000        22280.000000000000     
   3459.0000000000000        22263.000000000000     
   3461.0000000000000        22269.000000000000     
   3464.0000000000000        22257.000000000000     
   3467.0000000000000        22246.000000000000     
   3470.0000000000000        22247.000000000000     
   3472.0000000000000        22239.000000000000     
   3475.0000000000000        22246.000000000000     
   3478.0000000000000        22231.000000000000     
   3481.0000000000000        22233.000000000000     
   3484.0000000000000        22233.000000000000     
   3486.0000000000000        22224.000000000000     
   3489.0000000000000        22229.000000000000     
   3492.0000000000000        22212.000000000000     
   3496.0000000000000        22210.000000000000     
   3497.0000000000000        22210.000000000000     
   3500.0000000000000        22201.000000000000     
   3503.0000000000000        22196.000000000000     
   3507.0000000000000        22187.000000000000     
   3510.0000000000000        22179.000000000000     
   3511.0000000000000        22163.000000000000     
   3514.0000000000000        22159.000000000000     
   3517.0000000000000        22148.000000000000     
   3521.0000000000000        22146.000000000000     
   3524.0000000000000        22123.000000000000     
   3527.0000000000000        22118.000000000000     
   3529.0000000000000        22117.000000000000     
   3532.0000000000000        22112.000000000000     
   3535.0000000000000        22114.000000000000     
   3538.0000000000000        22104.000000000000     
   3540.0000000000000        22105.000000000000     
   3543.0000000000000        22089.000000000000     
   3546.0000000000000        22087.000000000000     
   3549.0000000000000        22075.000000000000     
   3552.0000000000000        22077.000000000000     
   3554.0000000000000        22074.000000000000     
   3557.0000000000000        22069.000000000000     
   3560.0000000000000        22078.000000000000     
   3564.0000000000000        22060.000000000000     
   3565.0000000000000        22052.000000000000     
   3568.0000000000000        22048.000000000000     
   3571.0000000000000        22039.000000000000     
   3575.0000000000000        22045.000000000000     
   3578.0000000000000        22028.000000000000     
   3581.0000000000000        22018.000000000000     
   3584.0000000000000        22015.000000000000     
   3585.0000000000000        22007.000000000000     
   3589.0000000000000        22005.000000000000     
   3592.0000000000000        21998.000000000000     
   3595.0000000000000        21992.000000000000     
   3597.0000000000000        21995.000000000000     
   3600.0000000000000        21990.000000000000     
   3603.0000000000000        21979.000000000000     
   3606.0000000000000        21976.000000000000     
   3609.0000000000000        21967.000000000000     
   3611.0000000000000        21956.000000000000     
   3614.0000000000000        21958.000000000000     
   3617.0000000000000        21949.000000000000     
   3621.0000000000000        21949.000000000000     
   3624.0000000000000        21933.000000000000     
   3625.0000000000000        21939.000000000000     
   3628.0000000000000        21932.000000000000     
   3632.0000000000000        21920.000000000000     
   3635.0000000000000        21908.000000000000     
   3638.0000000000000        21903.000000000000     
   3640.0000000000000        21905.000000000000     
   3643.0000000000000        21900.000000000000     
   3646.0000000000000        21893.000000000000     
   3649.0000000000000        21893.000000000000     
   3652.0000000000000        21886.000000000000     
   3654.0000000000000        21879.000000000000     
   3657.0000000000000        21880.000000000000     
   3660.0000000000000        21872.000000000000     
   3664.0000000000000        21875.000000000000     
   3667.0000000000000        21854.000000000000     
   3668.0000000000000        21860.000000000000     
   3671.0000000000000        21854.000000000000     
   3675.0000000000000        21839.000000000000     
   3678.0000000000000        21838.000000000000     
   3681.0000000000000        21821.000000000000     
   3684.0000000000000        21821.000000000000     
   3686.0000000000000        21820.000000000000     
   3689.0000000000000        21817.000000000000     
   3692.0000000000000        21809.000000000000     
   3695.0000000000000        21801.000000000000     
   3697.0000000000000        21792.000000000000     
   3700.0000000000000        21792.000000000000     
   3703.0000000000000        21794.000000000000     
   3707.0000000000000        21783.000000000000     
   3710.0000000000000        21782.000000000000     
   3713.0000000000000        21780.000000000000     
   3715.0000000000000        21763.000000000000     
   3717.0000000000000        21760.000000000000     
   3721.0000000000000        21763.000000000000     
   3724.0000000000000        21760.000000000000     
   3727.0000000000000        21750.000000000000     
   3729.0000000000000        21747.000000000000     
   3732.0000000000000        21733.000000000000     
   3735.0000000000000        21729.000000000000     
   3739.0000000000000        21726.000000000000     
   3742.0000000000000        21722.000000000000     
   3745.0000000000000        21718.000000000000     
   3746.0000000000000        21704.000000000000     
   3750.0000000000000        21700.000000000000     
   3753.0000000000000        21699.000000000000     
   3756.0000000000000        21696.000000000000     
   3759.0000000000000        21703.000000000000     
   3761.0000000000000        21673.000000000000     
   3764.0000000000000        21672.000000000000     
   3767.0000000000000        21669.000000000000     
   3771.0000000000000        21662.000000000000     
   3774.0000000000000        21648.000000000000     
   3775.0000000000000        21651.000000000000     
   3778.0000000000000        21643.000000000000     
   3782.0000000000000        21640.000000000000     
   3785.0000000000000        21640.000000000000     
   3788.0000000000000        21627.000000000000     
   3790.0000000000000        21617.000000000000     
   3793.0000000000000        21610.000000000000     
   3796.0000000000000        21601.000000000000     
   3800.0000000000000        21599.000000000000     
   3803.0000000000000        21592.000000000000     
   3806.0000000000000        21583.000000000000     
   3809.0000000000000        21578.000000000000     
   3810.0000000000000        21573.000000000000     
   3814.0000000000000        21580.000000000000     
   3817.0000000000000        21565.000000000000     
   3820.0000000000000        21560.000000000000     
   3822.0000000000000        21558.000000000000     
   3825.0000000000000        21557.000000000000     
   3828.0000000000000        21556.000000000000     
   3832.0000000000000        21544.000000000000     
   3835.0000000000000        21535.000000000000     
   3838.0000000000000        21529.000000000000     
   3840.0000000000000        21518.000000000000     
   3843.0000000000000        21515.000000000000     
   3846.0000000000000        21512.000000000000     
   3850.0000000000000        21502.000000000000     
   3852.0000000000000        21500.000000000000     
   3854.0000000000000        21500.000000000000     
   3857.0000000000000        21483.000000000000     
   3860.0000000000000        21481.000000000000     
   3864.0000000000000        21484.000000000000     
   3867.0000000000000        21476.000000000000     
   3870.0000000000000        21468.000000000000     
   3872.0000000000000        21465.000000000000     
   3875.0000000000000        21455.000000000000     
   3878.0000000000000        21455.000000000000     
   3882.0000000000000        21451.000000000000     
   3885.0000000000000        21444.000000000000     
   3888.0000000000000        21435.000000000000     
   3890.0000000000000        21433.000000000000     
   3893.0000000000000        21433.000000000000     
   3896.0000000000000        21427.000000000000     
   3899.0000000000000        21428.000000000000     
   3902.0000000000000        21411.000000000000     
   3904.0000000000000        21403.000000000000     
   3907.0000000000000        21393.000000000000     
   3910.0000000000000        21392.000000000000     
   3914.0000000000000        21386.000000000000     
   3917.0000000000000        21380.000000000000     
   3920.0000000000000        21382.000000000000     
   3922.0000000000000        21372.000000000000     
   3925.0000000000000        21370.000000000000     
   3928.0000000000000        21369.000000000000     
   3932.0000000000000        21364.000000000000     
   3935.0000000000000        21356.000000000000     
   3938.0000000000000        21354.000000000000     
   3940.0000000000000        21344.000000000000     
   3943.0000000000000        21343.000000000000     
   3946.0000000000000        21339.000000000000     
   3950.0000000000000        21335.000000000000     
   3953.0000000000000        21323.000000000000     
   3956.0000000000000        21325.000000000000     
   3959.0000000000000        21319.000000000000     
   3961.0000000000000        21315.000000000000     
   3964.0000000000000        21315.000000000000     
   3967.0000000000000        21315.000000000000     
   3971.0000000000000        21295.000000000000     
   3974.0000000000000        21289.000000000000     
   3977.0000000000000        21286.000000000000     
   3978.0000000000000        21277.000000000000     
   3982.0000000000000        21268.000000000000     
   3985.0000000000000        21268.000000000000     
   3988.0000000000000        21261.000000000000     
   3990.0000000000000        21259.000000000000     
   3993.0000000000000        21252.000000000000     
   3996.0000000000000        21252.000000000000     
   4000.0000000000000        21231.000000000000     
   4003.0000000000000        21235.000000000000     
   4006.0000000000000        21231.000000000000     
   4009.0000000000000        21226.000000000000     
   4011.0000000000000        21226.000000000000     
   4014.0000000000000        21217.000000000000     
   4017.0000000000000        21208.000000000000     
   4021.0000000000000        21193.000000000000     
   4024.0000000000000        21198.000000000000     
   4027.0000000000000        21190.000000000000     
   4029.0000000000000        21185.000000000000     
   4032.0000000000000        21188.000000000000     
   4035.0000000000000        21176.000000000000     
   4039.0000000000000        21169.000000000000     
   4042.0000000000000        21159.000000000000     
   4045.0000000000000        21153.000000000000     
   4047.0000000000000        21160.000000000000     
   4050.0000000000000        21153.000000000000     
   4053.0000000000000        21149.000000000000     
   4057.0000000000000        21143.000000000000     
   4060.0000000000000        21116.000000000000     
   4063.0000000000000        21114.000000000000     
   4065.0000000000000        21114.000000000000     
   4068.0000000000000        21109.000000000000     
   4071.0000000000000        21104.000000000000     
   4075.0000000000000        21111.000000000000     
   4078.0000000000000        21107.000000000000     
   4081.0000000000000        21097.000000000000     
   4084.0000000000000        21089.000000000000     
   4086.0000000000000        21090.000000000000     
   4089.0000000000000        21083.000000000000     
   4092.0000000000000        21079.000000000000     
   4096.0000000000000        21074.000000000000     
   4099.0000000000000        21083.000000000000     
   4102.0000000000000        21069.000000000000     
   4104.0000000000000        21051.000000000000     
   4107.0000000000000        21042.000000000000     
   4111.0000000000000        21039.000000000000     
   4114.0000000000000        21028.000000000000     
   4117.0000000000000        21033.000000000000     
   4121.0000000000000        21035.000000000000     
   4124.0000000000000        21026.000000000000     
   4127.0000000000000        21021.000000000000     
   4129.0000000000000        21015.000000000000     
   4132.0000000000000        21009.000000000000     
   4135.0000000000000        21015.000000000000     
   4139.0000000000000        20996.000000000000     
   4142.0000000000000        20994.000000000000     
   4145.0000000000000        20984.000000000000     
   4147.0000000000000        20975.000000000000     
   4150.0000000000000        20976.000000000000     
   4153.0000000000000        20979.000000000000     
   4157.0000000000000        20972.000000000000     
   4160.0000000000000        20965.000000000000     
   4163.0000000000000        20961.000000000000     
   4165.0000000000000        20961.000000000000     
   4168.0000000000000        20961.000000000000     
   4171.0000000000000        20943.000000000000     
   4175.0000000000000        20941.000000000000     
   4178.0000000000000        20935.000000000000     
   4181.0000000000000        20935.000000000000     
   4184.0000000000000        20923.000000000000     
   4186.0000000000000        20928.000000000000     
   4190.0000000000000        20917.000000000000     
   4193.0000000000000        20908.000000000000     
   4196.0000000000000        20896.000000000000     
   4200.0000000000000        20892.000000000000     
   4203.0000000000000        20903.000000000000     
   4206.0000000000000        20884.000000000000     
   4209.0000000000000        20880.000000000000     
   4211.0000000000000        20882.000000000000     
   4214.0000000000000        20875.000000000000     
   4217.0000000000000        20875.000000000000     
   4221.0000000000000        20857.000000000000     
   4224.0000000000000        20854.000000000000     
   4227.0000000000000        20848.000000000000     
   4229.0000000000000        20857.000000000000     
   4232.0000000000000        20840.000000000000     
   4236.0000000000000        20842.000000000000     
   4239.0000000000000        20826.000000000000     
   4242.0000000000000        20827.000000000000     
   4246.0000000000000        20833.000000000000     
   4249.0000000000000        20813.000000000000     
   4252.0000000000000        20812.000000000000     
   4254.0000000000000        20799.000000000000     
   4257.0000000000000        20804.000000000000     
   4260.0000000000000        20812.000000000000     
   4264.0000000000000        20788.000000000000     
   4267.0000000000000        20788.000000000000     
   4270.0000000000000        20788.000000000000     
   4272.0000000000000        20778.000000000000     
   4277.0000000000000        20781.000000000000     
   4279.0000000000000        20771.000000000000     
   4282.0000000000000        20767.000000000000     
   4285.0000000000000        20770.000000000000     
   4289.0000000000000        20753.000000000000     
   4292.0000000000000        20746.000000000000     
   4295.0000000000000        20741.000000000000     
   4297.0000000000000        20733.000000000000     
   4300.0000000000000        20732.000000000000     
   4303.0000000000000        20736.000000000000     
   4307.0000000000000        20729.000000000000     
   4310.0000000000000        20722.000000000000     
   4314.0000000000000        20718.000000000000     
   4317.0000000000000        20723.000000000000     
   4320.0000000000000        20716.000000000000     
   4322.0000000000000        20708.000000000000     
   4325.0000000000000        20715.000000000000     
   4328.0000000000000        20692.000000000000     
   4332.0000000000000        20694.000000000000     
   4335.0000000000000        20688.000000000000     
   4339.0000000000000        20684.000000000000     
   4342.0000000000000        20675.000000000000     
   4345.0000000000000        20663.000000000000     
   4347.0000000000000        20667.000000000000     
   4350.0000000000000        20669.000000000000     
   4353.0000000000000        20653.000000000000     
   4357.0000000000000        20652.000000000000     
   4360.0000000000000        20646.000000000000     
   4364.0000000000000        20662.000000000000     
   4367.0000000000000        20643.000000000000     
   4370.0000000000000        20635.000000000000     
   4372.0000000000000        20642.000000000000     
   4375.0000000000000        20631.000000000000     
   4378.0000000000000        20625.000000000000     
   4382.0000000000000        20628.000000000000     
   4385.0000000000000        20637.000000000000     
   4389.0000000000000        20625.000000000000     
   4392.0000000000000        20621.000000000000     
   4395.0000000000000        20607.000000000000     
   4397.0000000000000        20544.000000000000     
   4400.0000000000000        20600.000000000000     
   4403.0000000000000        20598.000000000000     
   4407.0000000000000        20599.000000000000     
   4410.0000000000000        20503.000000000000     
   4414.0000000000000        20593.000000000000     
   4417.0000000000000        20583.000000000000     
   4420.0000000000000        20576.000000000000     
   4422.0000000000000        20500.000000000000     
   4425.0000000000000        20575.000000000000     
   4429.0000000000000        20569.000000000000     
   4432.0000000000000        20494.000000000000     
   4435.0000000000000        20569.000000000000     
   4439.0000000000000        20552.000000000000     
   4442.0000000000000        20545.000000000000     
   4445.0000000000000        20479.000000000000     
   4447.0000000000000        20525.000000000000     
   4452.0000000000000        20521.000000000000     
   4454.0000000000000        20516.000000000000     
   4457.0000000000000        20458.000000000000     
   4460.0000000000000        20508.000000000000     
   4464.0000000000000        20496.000000000000     
   4467.0000000000000        20441.000000000000     
   4471.0000000000000        20500.000000000000     
   4474.0000000000000        20489.000000000000     
   4477.0000000000000        20489.000000000000     
   4479.0000000000000        20402.000000000000     
   4482.0000000000000        20468.000000000000     
   4486.0000000000000        20474.000000000000     
   4489.0000000000000        20392.000000000000     
   4492.0000000000000        20454.000000000000     
   4496.0000000000000        20462.000000000000     
   4499.0000000000000        20375.000000000000     
   4502.0000000000000        20441.000000000000     
   4506.0000000000000        20444.000000000000     
   4509.0000000000000        20424.000000000000     
   4511.0000000000000        20358.000000000000     
   4514.0000000000000        20430.000000000000     
   4517.0000000000000        20412.000000000000     
   4521.0000000000000        20351.000000000000     
   4525.0000000000000        20412.000000000000     
   4528.0000000000000        20416.000000000000     
   4531.0000000000000        20351.000000000000     
   4534.0000000000000        20406.000000000000     
   4538.0000000000000        20408.000000000000     
   4540.0000000000000        20323.000000000000     
   4543.0000000000000        20391.000000000000     
   4546.0000000000000        20392.000000000000     
   4550.0000000000000        20316.000000000000     
   4553.0000000000000        20379.000000000000     
   4557.0000000000000        20383.000000000000     
   4560.0000000000000        20326.000000000000     
   4563.0000000000000        20369.000000000000     
   4567.0000000000000        20366.000000000000     
   4570.0000000000000        20312.000000000000     
   4572.0000000000000        20349.000000000000     
   4575.0000000000000        20349.000000000000     
   4578.0000000000000        20303.000000000000     
   4582.0000000000000        20340.000000000000     
   4585.0000000000000        20333.000000000000     
   4589.0000000000000        20281.000000000000     
   4592.0000000000000        20349.000000000000     
   4596.0000000000000        20333.000000000000     
   4599.0000000000000        20264.000000000000     
   4602.0000000000000        20333.000000000000     
   4604.0000000000000        20250.000000000000     
   4607.0000000000000        20308.000000000000     
   4611.0000000000000        20325.000000000000     
   4614.0000000000000        20260.000000000000     
   4617.0000000000000        20313.000000000000     
   4621.0000000000000        20271.000000000000     
   4625.0000000000000        20300.000000000000     
   4628.0000000000000        20292.000000000000     
   4631.0000000000000        20250.000000000000     
   4634.0000000000000        20279.000000000000     
   4638.0000000000000        20222.000000000000     
   4640.0000000000000        20276.000000000000     
   4643.0000000000000        20287.000000000000     
   4646.0000000000000        20229.000000000000     
   4650.0000000000000        20271.000000000000     
   4653.0000000000000        20229.000000000000     
   4657.0000000000000        20262.000000000000     
   4660.0000000000000        20262.000000000000     
   4664.0000000000000        20222.000000000000     
   4667.0000000000000        20254.000000000000     
   4670.0000000000000        20201.000000000000     
   4672.0000000000000        20258.000000000000     
   4677.0000000000000        20190.000000000000     
   4679.0000000000000        20237.000000000000     
   4682.0000000000000        20194.000000000000     
   4686.0000000000000        20229.000000000000     
   4689.0000000000000        20190.000000000000     
   4692.0000000000000        20239.000000000000     
   4696.0000000000000        20187.000000000000     
   4700.0000000000000        20224.000000000000     
   4703.0000000000000        20223.000000000000     
   4706.0000000000000        20166.000000000000     
   4710.0000000000000        20212.000000000000     
   4713.0000000000000        20158.000000000000     
   4715.0000000000000        20220.000000000000     
   4718.0000000000000        20159.000000000000     
   4722.0000000000000        20146.000000000000     
   4725.0000000000000        20201.000000000000     
   4728.0000000000000        20150.000000000000     
   4732.0000000000000        20193.000000000000     
   4735.0000000000000        20158.000000000000     
   4739.0000000000000        20203.000000000000     
   4742.0000000000000        20142.000000000000     
   4746.0000000000000        20182.000000000000     
   4749.0000000000000        20146.000000000000     
   4752.0000000000000        20135.000000000000     
   4756.0000000000000        20171.000000000000     
   4759.0000000000000        20129.000000000000     
   4761.0000000000000        20167.000000000000     
   4765.0000000000000        20128.000000000000     
   4768.0000000000000        20135.000000000000     
   4771.0000000000000        20150.000000000000     
   4775.0000000000000        20110.000000000000     
   4778.0000000000000        20118.000000000000     
   4782.0000000000000        20133.000000000000     
   4785.0000000000000        20104.000000000000     
   4789.0000000000000        20107.000000000000     
   4792.0000000000000        20125.000000000000     
   4796.0000000000000        20086.000000000000     
   4799.0000000000000        20093.000000000000     
   4802.0000000000000        20120.000000000000     
   4806.0000000000000        20079.000000000000     
   4809.0000000000000        20086.000000000000     
   4811.0000000000000        20075.000000000000     
   4815.0000000000000        20098.000000000000     
   4818.0000000000000        20074.000000000000     
   4821.0000000000000        20069.000000000000     
   4825.0000000000000        20062.000000000000     
   4828.0000000000000        20083.000000000000     
   4832.0000000000000        20091.000000000000     
   4835.0000000000000        20076.000000000000     
   4839.0000000000000        20062.000000000000     
   4842.0000000000000        20049.000000000000     
   4846.0000000000000        20059.000000000000     
   4849.0000000000000        20058.000000000000     
   4852.0000000000000        20054.000000000000     
   4856.0000000000000        20058.000000000000     
   4859.0000000000000        20062.000000000000     
   4861.0000000000000        20045.000000000000     
   4865.0000000000000        20041.000000000000     
   4868.0000000000000        20051.000000000000     
   4872.0000000000000        20042.000000000000     
   4875.0000000000000        20042.000000000000     
   4878.0000000000000        20049.000000000000     
   4882.0000000000000        20038.000000000000     
   4885.0000000000000        20031.000000000000     
   4889.0000000000000        20035.000000000000     
   4892.0000000000000        20042.000000000000     
   4896.0000000000000        20018.000000000000     
   4900.0000000000000        20038.000000000000     
   4903.0000000000000        20028.000000000000     
   4906.0000000000000        20037.000000000000     
   4910.0000000000000        20033.000000000000     
   4913.0000000000000        20038.000000000000     
   4917.0000000000000        20026.000000000000     
   4920.0000000000000        20021.000000000000     
   4922.0000000000000        20009.000000000000     
   4927.0000000000000        20002.000000000000     
   4929.0000000000000        20031.000000000000     
   4934.0000000000000        20012.000000000000     
   4936.0000000000000        20012.000000000000     
   4939.0000000000000        20025.000000000000     
   4943.0000000000000        20014.000000000000     
   4946.0000000000000        19988.000000000000     
   4950.0000000000000        19988.000000000000     
   4953.0000000000000        19981.000000000000     
   4957.0000000000000        19992.000000000000     
   4960.0000000000000        19974.000000000000     
   4964.0000000000000        19979.000000000000     
   4967.0000000000000        19979.000000000000     
   4971.0000000000000        19963.000000000000     
   4975.0000000000000        19979.000000000000     
   4978.0000000000000        19964.000000000000     
   4981.0000000000000        19964.000000000000     
   4985.0000000000000        19961.000000000000     
   4988.0000000000000        19957.000000000000     

 POLYNOMIAL REGRESSION OF DEGREE  1

C-----   INTERCEPT
      DATA RCPT/    0.2875284011962396D+05/

C-----   REGRESSION COEFFICIENTS
      DATA D(1) /   -0.1837001340953420D+01/

        ANALYSIS OF VARIANCE FOR   1  DEGREE POLYNOMIAL


 SOURCE OF VARIATION  DEGREE      SUM OF        MEAN          F    IMPROVEMENT
                        OF        SQUARES       SQUARE      VALUE  IN TERMS OF
                     FREEDOM                                       SUM OF SQUARE

 DUE TO REGRESSION     1    ************************** 260133.61103*************
 DEVIATION ABOUT
        REGRESSION  1574    *************  32291.70672
 TOTAL              1575    *************




 POLYNOMIAL REGRESSION OF DEGREE  2

C-----   INTERCEPT
      DATA RCPT/    0.2854624705932084D+05/

C-----   REGRESSION COEFFICIENTS
      DATA D(1) /   -0.1645603558306611D+01/
      DATA D(2) /   -0.3497052112658056D-04/

        ANALYSIS OF VARIANCE FOR   2  DEGREE POLYNOMIAL


 SOURCE OF VARIATION  DEGREE      SUM OF        MEAN          F    IMPROVEMENT
                        OF        SQUARES       SQUARE      VALUE  IN TERMS OF
                     FREEDOM                                       SUM OF SQUARE

 DUE TO REGRESSION     2    ************************** 141364.563374069142.06293
 DEVIATION ABOUT
        REGRESSION  1573    *************  29725.36829
 TOTAL              1575    *************




 POLYNOMIAL REGRESSION OF DEGREE  3

C-----   INTERCEPT
      DATA RCPT/    0.2728194144758170D+05/

C-----   REGRESSION COEFFICIENTS
      DATA D(1) /    0.3111823261433254D+00/
      DATA D(2) /   -0.8530763862822739D-03/
      DATA D(3) /    0.9930652073894098D-07/

        ANALYSIS OF VARIANCE FOR   3  DEGREE POLYNOMIAL


 SOURCE OF VARIATION  DEGREE      SUM OF        MEAN          F    IMPROVEMENT
                        OF        SQUARES       SQUARE      VALUE  IN TERMS OF
                     FREEDOM                                       SUM OF SQUARE

 DUE TO REGRESSION     3    ************************** 912217.53734*************
 DEVIATION ABOUT
        REGRESSION  1572    4851665.20889   3086.30102
 TOTAL              1575    *************




 POLYNOMIAL REGRESSION OF DEGREE  4

C-----   INTERCEPT
      DATA RCPT/    0.2728614451355244D+05/

C-----   REGRESSION COEFFICIENTS
      DATA D(1) /    0.3020288501091022D+00/
      DATA D(2) /   -0.8468127084029863D-03/
      DATA D(3) /    0.9763375109236278D-07/
      DATA D(4) /    0.1520400672326349D-12/

        ANALYSIS OF VARIANCE FOR   4  DEGREE POLYNOMIAL


 SOURCE OF VARIATION  DEGREE      SUM OF        MEAN          F    IMPROVEMENT
                        OF        SQUARES       SQUARE      VALUE  IN TERMS OF
                     FREEDOM                                       SUM OF SQUARE

 DUE TO REGRESSION     4    ************************** 683745.37825    123.70333
 DEVIATION ABOUT
        REGRESSION  1571    4851541.50557   3088.18683
 TOTAL              1575    *************



