

 POLYNOMIAL REGRESSION.....SAMPLE

 NUMBER OF OBSERVATION,1576
 HIGHEST DEGREE   4
   538.00000000000000        10567.000000000000     
   541.00000000000000        10545.000000000000     
   545.00000000000000        10523.000000000000     
   548.00000000000000        10501.000000000000     
   550.00000000000000        10477.000000000000     
   554.00000000000000        10456.000000000000     
   557.00000000000000        10433.000000000000     
   559.00000000000000        10411.000000000000     
   562.00000000000000        10390.000000000000     
   565.00000000000000        10369.000000000000     
   567.00000000000000        10349.000000000000     
   570.00000000000000        10329.000000000000     
   574.00000000000000        10308.000000000000     
   576.00000000000000        10287.000000000000     
   579.00000000000000        10266.000000000000     
   583.00000000000000        10243.000000000000     
   584.00000000000000        10224.000000000000     
   587.00000000000000        10203.000000000000     
   591.00000000000000        10179.000000000000     
   594.00000000000000        10160.000000000000     
   596.00000000000000        10138.000000000000     
   600.00000000000000        10118.000000000000     
   603.00000000000000        10097.000000000000     
   605.00000000000000        10074.000000000000     
   608.00000000000000        10057.000000000000     
   611.00000000000000        10031.000000000000     
   613.00000000000000        10016.000000000000     
   616.00000000000000        9997.0000000000000     
   620.00000000000000        9971.0000000000000     
   623.00000000000000        9957.0000000000000     
   625.00000000000000        9931.0000000000000     
   628.00000000000000        9912.0000000000000     
   630.00000000000000        9892.0000000000000     
   633.00000000000000        9874.0000000000000     
   637.00000000000000        9848.0000000000000     
   640.00000000000000        9832.0000000000000     
   642.00000000000000        9812.0000000000000     
   645.00000000000000        9790.0000000000000     
   648.00000000000000        9768.0000000000000     
   650.00000000000000        9749.0000000000000     
   654.00000000000000        9732.0000000000000     
   657.00000000000000        9708.0000000000000     
   659.00000000000000        9689.0000000000000     
   662.00000000000000        9670.0000000000000     
   666.00000000000000        9650.0000000000000     
   667.00000000000000        9630.0000000000000     
   670.00000000000000        9610.0000000000000     
   674.00000000000000        9596.0000000000000     
   676.00000000000000        9567.0000000000000     
   679.00000000000000        9548.0000000000000     
   683.00000000000000        9529.0000000000000     
   684.00000000000000        9509.0000000000000     
   687.00000000000000        9490.0000000000000     
   691.00000000000000        9469.0000000000000     
   694.00000000000000        9455.0000000000000     
   696.00000000000000        9431.0000000000000     
   700.00000000000000        9412.0000000000000     
   701.00000000000000        9395.0000000000000     
   704.00000000000000        9374.0000000000000     
   708.00000000000000        9359.0000000000000     
   711.00000000000000        9338.0000000000000     
   713.00000000000000        9318.0000000000000     
   716.00000000000000        9301.0000000000000     
   719.00000000000000        9282.0000000000000     
   721.00000000000000        9265.0000000000000     
   725.00000000000000        9241.0000000000000     
   728.00000000000000        9230.0000000000000     
   730.00000000000000        9206.0000000000000     
   733.00000000000000        9193.0000000000000     
   736.00000000000000        9168.0000000000000     
   738.00000000000000        9158.0000000000000     
   741.00000000000000        9133.0000000000000     
   745.00000000000000        9119.0000000000000     
   748.00000000000000        9097.0000000000000     
   750.00000000000000        9083.0000000000000     
   753.00000000000000        9063.0000000000000     
   755.00000000000000        9042.0000000000000     
   758.00000000000000        9027.0000000000000     
   762.00000000000000        9010.0000000000000     
   765.00000000000000        8992.0000000000000     
   766.00000000000000        8970.0000000000000     
   770.00000000000000        8954.0000000000000     
   773.00000000000000        8933.0000000000000     
   775.00000000000000        8918.0000000000000     
   779.00000000000000        8903.0000000000000     
   780.00000000000000        8884.0000000000000     
   783.00000000000000        8864.0000000000000     
   787.00000000000000        8848.0000000000000     
   790.00000000000000        8833.0000000000000     
   792.00000000000000        8820.0000000000000     
   795.00000000000000        8792.0000000000000     
   798.00000000000000        8780.0000000000000     
   800.00000000000000        8761.0000000000000     
   803.00000000000000        8749.0000000000000     
   807.00000000000000        8725.0000000000000     
   809.00000000000000        8713.0000000000000     
   811.00000000000000        8700.0000000000000     
   815.00000000000000        8679.0000000000000     
   817.00000000000000        8654.0000000000000     
   821.00000000000000        8648.0000000000000     
   824.00000000000000        8624.0000000000000     
   825.00000000000000        8609.0000000000000     
   828.00000000000000        8594.0000000000000     
   832.00000000000000        8581.0000000000000     
   834.00000000000000        8559.0000000000000     
   838.00000000000000        8540.0000000000000     
   840.00000000000000        8530.0000000000000     
   842.00000000000000        8515.0000000000000     
   846.00000000000000        8495.0000000000000     
   849.00000000000000        8480.0000000000000     
   851.00000000000000        8462.0000000000000     
   853.00000000000000        8445.0000000000000     
   857.00000000000000        8427.0000000000000     
   859.00000000000000        8417.0000000000000     
   863.00000000000000        8395.0000000000000     
   865.00000000000000        8383.0000000000000     
   867.00000000000000        8360.0000000000000     
   871.00000000000000        8350.0000000000000     
   874.00000000000000        8329.0000000000000     
   876.00000000000000        8315.0000000000000     
   878.00000000000000        8296.0000000000000     
   882.00000000000000        8286.0000000000000     
   884.00000000000000        8259.0000000000000     
   888.00000000000000        8254.0000000000000     
   891.00000000000000        8232.0000000000000     
   892.00000000000000        8212.0000000000000     
   896.00000000000000        8196.0000000000000     
   899.00000000000000        8182.0000000000000     
   901.00000000000000        8160.0000000000000     
   903.00000000000000        8151.0000000000000     
   907.00000000000000        8131.0000000000000     
   909.00000000000000        8116.0000000000000     
   913.00000000000000        8100.0000000000000     
   916.00000000000000        8087.0000000000000     
   917.00000000000000        8072.0000000000000     
   921.00000000000000        8051.0000000000000     
   924.00000000000000        8043.0000000000000     
   926.00000000000000        8026.0000000000000     
   928.00000000000000        8003.0000000000000     
   932.00000000000000        7999.0000000000000     
   934.00000000000000        7975.0000000000000     
   938.00000000000000        7964.0000000000000     
   940.00000000000000        7949.0000000000000     
   942.00000000000000        7935.0000000000000     
   946.00000000000000        7911.0000000000000     
   949.00000000000000        7903.0000000000000     
   951.00000000000000        7887.0000000000000     
   953.00000000000000        7872.0000000000000     
   957.00000000000000        7865.0000000000000     
   959.00000000000000        7840.0000000000000     
   963.00000000000000        7831.0000000000000     
   965.00000000000000        7813.0000000000000     
   967.00000000000000        7798.0000000000000     
   971.00000000000000        7789.0000000000000     
   974.00000000000000        7768.0000000000000     
   975.00000000000000        7760.0000000000000     
   978.00000000000000        7748.0000000000000     
   982.00000000000000        7736.0000000000000     
   984.00000000000000        7714.0000000000000     
   988.00000000000000        7704.0000000000000     
   990.00000000000000        7687.0000000000000     
   992.00000000000000        7675.0000000000000     
   996.00000000000000        7658.0000000000000     
   999.00000000000000        7645.0000000000000     
   1000.0000000000000        7631.0000000000000     
   1003.0000000000000        7619.0000000000000     
   1007.0000000000000        7600.0000000000000     
   1009.0000000000000        7587.0000000000000     
   1011.0000000000000        7581.0000000000000     
   1015.0000000000000        7556.0000000000000     
   1017.0000000000000        7549.0000000000000     
   1021.0000000000000        7533.0000000000000     
   1023.0000000000000        7519.0000000000000     
   1025.0000000000000        7509.0000000000000     
   1028.0000000000000        7488.0000000000000     
   1032.0000000000000        7480.0000000000000     
   1033.0000000000000        7469.0000000000000     
   1036.0000000000000        7453.0000000000000     
   1040.0000000000000        7440.0000000000000     
   1042.0000000000000        7426.0000000000000     
   1044.0000000000000        7408.0000000000000     
   1048.0000000000000        7399.0000000000000     
   1050.0000000000000        7391.0000000000000     
   1053.0000000000000        7369.0000000000000     
   1056.0000000000000        7358.0000000000000     
   1058.0000000000000        7346.0000000000000     
   1061.0000000000000        7335.0000000000000     
   1065.0000000000000        7319.0000000000000     
   1066.0000000000000        7308.0000000000000     
   1069.0000000000000        7293.0000000000000     
   1073.0000000000000        7274.0000000000000     
   1075.0000000000000        7266.0000000000000     
   1077.0000000000000        7254.0000000000000     
   1081.0000000000000        7239.0000000000000     
   1083.0000000000000        7224.0000000000000     
   1085.0000000000000        7217.0000000000000     
   1089.0000000000000        7201.0000000000000     
   1091.0000000000000        7178.0000000000000     
   1094.0000000000000        7175.0000000000000     
   1097.0000000000000        7161.0000000000000     
   1100.0000000000000        7148.0000000000000     
   1102.0000000000000        7134.0000000000000     
   1106.0000000000000        7120.0000000000000     
   1108.0000000000000        7106.0000000000000     
   1110.0000000000000        7098.0000000000000     
   1114.0000000000000        7085.0000000000000     
   1116.0000000000000        7064.0000000000000     
   1118.0000000000000        6916.0000000000000     
   1122.0000000000000        7174.0000000000000     
   1125.0000000000000        7029.0000000000000     
   1126.0000000000000        7008.0000000000000     
   1130.0000000000000        7004.0000000000000     
   1133.0000000000000        6991.0000000000000     
   1135.0000000000000        6976.0000000000000     
   1138.0000000000000        6958.0000000000000     
   1141.0000000000000        6956.0000000000000     
   1143.0000000000000        6932.0000000000000     
   1146.0000000000000        6923.0000000000000     
   1149.0000000000000        6911.0000000000000     
   1151.0000000000000        6908.0000000000000     
   1155.0000000000000        6889.0000000000000     
   1157.0000000000000        6876.0000000000000     
   1159.0000000000000        6866.0000000000000     
   1163.0000000000000        6851.0000000000000     
   1166.0000000000000        6837.0000000000000     
   1167.0000000000000        6835.0000000000000     
   1171.0000000000000        6816.0000000000000     
   1174.0000000000000        6812.0000000000000     
   1175.0000000000000        6791.0000000000000     
   1178.0000000000000        6785.0000000000000     
   1182.0000000000000        6773.0000000000000     
   1184.0000000000000        6763.0000000000000     
   1186.0000000000000        6747.0000000000000     
   1190.0000000000000        6738.0000000000000     
   1192.0000000000000        6724.0000000000000     
   1194.0000000000000        6710.0000000000000     
   1198.0000000000000        6703.0000000000000     
   1200.0000000000000        6699.0000000000000     
   1203.0000000000000        6675.0000000000000     
   1206.0000000000000        6670.0000000000000     
   1208.0000000000000        6664.0000000000000     
   1211.0000000000000        6648.0000000000000     
   1214.0000000000000        6641.0000000000000     
   1216.0000000000000        6627.0000000000000     
   1219.0000000000000        6616.0000000000000     
   1223.0000000000000        6599.0000000000000     
   1225.0000000000000        6598.0000000000000     
   1227.0000000000000        6585.0000000000000     
   1231.0000000000000        6567.0000000000000     
   1233.0000000000000        6564.0000000000000     
   1235.0000000000000        6554.0000000000000     
   1239.0000000000000        6543.0000000000000     
   1241.0000000000000        6531.0000000000000     
   1243.0000000000000        6520.0000000000000     
   1247.0000000000000        6516.0000000000000     
   1250.0000000000000        6499.0000000000000     
   1251.0000000000000        6492.0000000000000     
   1255.0000000000000        6481.0000000000000     
   1258.0000000000000        6469.0000000000000     
   1260.0000000000000        6450.0000000000000     
   1263.0000000000000        6451.0000000000000     
   1266.0000000000000        6439.0000000000000     
   1268.0000000000000        6426.0000000000000     
   1271.0000000000000        6416.0000000000000     
   1274.0000000000000        6407.0000000000000     
   1276.0000000000000        6398.0000000000000     
   1278.0000000000000        6387.0000000000000     
   1282.0000000000000        6369.0000000000000     
   1284.0000000000000        6369.0000000000000     
   1288.0000000000000        6364.0000000000000     
   1290.0000000000000        6335.0000000000000     
   1292.0000000000000        6348.0000000000000     
   1296.0000000000000        6328.0000000000000     
   1298.0000000000000        6322.0000000000000     
   1300.0000000000000        6307.0000000000000     
   1303.0000000000000        6299.0000000000000     
   1306.0000000000000        6297.0000000000000     
   1308.0000000000000        6276.0000000000000     
   1311.0000000000000        6276.0000000000000     
   1315.0000000000000        6267.0000000000000     
   1316.0000000000000        6252.0000000000000     
   1319.0000000000000        6249.0000000000000     
   1323.0000000000000        6228.0000000000000     
   1325.0000000000000        6229.0000000000000     
   1327.0000000000000        6208.0000000000000     
   1331.0000000000000        6217.0000000000000     
   1333.0000000000000        6197.0000000000000     
   1335.0000000000000        6183.0000000000000     
   1339.0000000000000        6182.0000000000000     
   1341.0000000000000        6163.0000000000000     
   1343.0000000000000        6172.0000000000000     
   1347.0000000000000        6140.0000000000000     
   1350.0000000000000        6140.0000000000000     
   1351.0000000000000        6133.0000000000000     
   1355.0000000000000        6155.0000000000000     
   1358.0000000000000        6106.0000000000000     
   1359.0000000000000        6104.0000000000000     
   1363.0000000000000        6092.0000000000000     
   1366.0000000000000        6077.0000000000000     
   1367.0000000000000        6072.0000000000000     
   1371.0000000000000        6080.0000000000000     
   1374.0000000000000        6058.0000000000000     
   1375.0000000000000        6054.0000000000000     
   1378.0000000000000        6041.0000000000000     
   1382.0000000000000        6033.0000000000000     
   1383.0000000000000        6021.0000000000000     
   1386.0000000000000        6018.0000000000000     
   1390.0000000000000        6013.0000000000000     
   1392.0000000000000        6006.0000000000000     
   1394.0000000000000        5984.0000000000000     
   1398.0000000000000        5989.0000000000000     
   1400.0000000000000        5984.0000000000000     
   1402.0000000000000        5958.0000000000000     
   1406.0000000000000        5961.0000000000000     
   1408.0000000000000        5952.0000000000000     
   1410.0000000000000        5947.0000000000000     
   1414.0000000000000        5939.0000000000000     
   1416.0000000000000        5924.0000000000000     
   1418.0000000000000        5925.0000000000000     
   1422.0000000000000        5911.0000000000000     
   1425.0000000000000        5911.0000000000000     
   1426.0000000000000        5898.0000000000000     
   1430.0000000000000        5884.0000000000000     
   1433.0000000000000        5886.0000000000000     
   1434.0000000000000        5877.0000000000000     
   1438.0000000000000        5864.0000000000000     
   1441.0000000000000        5867.0000000000000     
   1442.0000000000000        5848.0000000000000     
   1446.0000000000000        5851.0000000000000     
   1449.0000000000000        5830.0000000000000     
   1451.0000000000000        5835.0000000000000     
   1453.0000000000000        5815.0000000000000     
   1457.0000000000000        5821.0000000000000     
   1458.0000000000000        5809.0000000000000     
   1461.0000000000000        5799.0000000000000     
   1465.0000000000000        5801.0000000000000     
   1467.0000000000000        5784.0000000000000     
   1469.0000000000000        5773.0000000000000     
   1473.0000000000000        5770.0000000000000     
   1475.0000000000000        5773.0000000000000     
   1477.0000000000000        5752.0000000000000     
   1481.0000000000000        5759.0000000000000     
   1483.0000000000000        5744.0000000000000     
   1485.0000000000000        5735.0000000000000     
   1489.0000000000000        5738.0000000000000     
   1491.0000000000000        5722.0000000000000     
   1493.0000000000000        5715.0000000000000     
   1497.0000000000000        5711.0000000000000     
   1500.0000000000000        5703.0000000000000     
   1501.0000000000000        5705.0000000000000     
   1505.0000000000000        5681.0000000000000     
   1508.0000000000000        5687.0000000000000     
   1509.0000000000000        5672.0000000000000     
   1513.0000000000000        5674.0000000000000     
   1516.0000000000000        5672.0000000000000     
   1517.0000000000000        5651.0000000000000     
   1521.0000000000000        5642.0000000000000     
   1524.0000000000000        5651.0000000000000     
   1525.0000000000000        5627.0000000000000     
   1528.0000000000000        5639.0000000000000     
   1532.0000000000000        5618.0000000000000     
   1533.0000000000000        5622.0000000000000     
   1536.0000000000000        5610.0000000000000     
   1540.0000000000000        5611.0000000000000     
   1541.0000000000000        5595.0000000000000     
   1544.0000000000000        5595.0000000000000     
   1548.0000000000000        5580.0000000000000     
   1550.0000000000000        5574.0000000000000     
   1552.0000000000000        5580.0000000000000     
   1556.0000000000000        5568.0000000000000     
   1558.0000000000000        5568.0000000000000     
   1560.0000000000000        5548.0000000000000     
   1564.0000000000000        5547.0000000000000     
   1566.0000000000000        5550.0000000000000     
   1568.0000000000000        5538.0000000000000     
   1572.0000000000000        5535.0000000000000     
   1574.0000000000000        5538.0000000000000     
   1576.0000000000000        5517.0000000000000     
   1580.0000000000000        5508.0000000000000     
   1582.0000000000000        5520.0000000000000     
   1584.0000000000000        5503.0000000000000     
   1588.0000000000000        5493.0000000000000     
   1590.0000000000000        5503.0000000000000     
   1592.0000000000000        5482.0000000000000     
   1596.0000000000000        5488.0000000000000     
   1598.0000000000000        5476.0000000000000     
   1601.0000000000000        5465.0000000000000     
   1603.0000000000000        5475.0000000000000     
   1605.0000000000000        5455.0000000000000     
   1608.0000000000000        5467.0000000000000     
   1612.0000000000000        5405.0000000000000     
   1614.0000000000000        5419.0000000000000     
   1617.0000000000000        5415.0000000000000     
   1619.0000000000000        5410.0000000000000     
   1621.0000000000000        5410.0000000000000     
   1625.0000000000000        5409.0000000000000     
   1626.0000000000000        5404.0000000000000     
   1630.0000000000000        5239.0000000000000     
   1632.0000000000000        5229.0000000000000     
   1635.0000000000000        5260.0000000000000     
   1637.0000000000000        5208.0000000000000     
   1641.0000000000000        5229.0000000000000     
   1642.0000000000000        5177.0000000000000     
   1646.0000000000000        5250.0000000000000     
   1648.0000000000000        5167.0000000000000     
   1651.0000000000000        5187.0000000000000     
   1653.0000000000000        5187.0000000000000     
   1657.0000000000000        5250.0000000000000     
   1658.0000000000000        5187.0000000000000     
   1662.0000000000000        5187.0000000000000     
   1664.0000000000000        5239.0000000000000     
   1667.0000000000000        5218.0000000000000     
   1669.0000000000000        5198.0000000000000     
   1673.0000000000000        5229.0000000000000     
   1675.0000000000000        5234.0000000000000     
   1678.0000000000000        5234.0000000000000     
   1680.0000000000000        5223.0000000000000     
   1682.0000000000000        5218.0000000000000     
   1685.0000000000000        5208.0000000000000     
   1689.0000000000000        5172.0000000000000     
   1691.0000000000000        5166.0000000000000     
   1694.0000000000000        5173.0000000000000     
   1696.0000000000000        5135.0000000000000     
   1698.0000000000000        5135.0000000000000     
   1701.0000000000000        5208.0000000000000     
   1703.0000000000000        5125.0000000000000     
   1707.0000000000000        5093.0000000000000     
   1710.0000000000000        5062.0000000000000     
   1712.0000000000000        5167.0000000000000     
   1714.0000000000000        5104.0000000000000     
   1717.0000000000000        5062.0000000000000     
   1719.0000000000000        5104.0000000000000     
   1723.0000000000000        5083.0000000000000     
   1726.0000000000000        5125.0000000000000     
   1728.0000000000000        5062.0000000000000     
   1730.0000000000000        5083.0000000000000     
   1733.0000000000000        5062.0000000000000     
   1735.0000000000000        5062.0000000000000     
   1739.0000000000000        5125.0000000000000     
   1742.0000000000000        5062.0000000000000     
   1744.0000000000000        5042.0000000000000     
   1746.0000000000000        5000.0000000000000     
   1750.0000000000000        5062.0000000000000     
   1751.0000000000000        5104.0000000000000     
   1755.0000000000000        5062.0000000000000     
   1757.0000000000000        5042.0000000000000     
   1760.0000000000000        5021.0000000000000     
   1762.0000000000000        5062.0000000000000     
   1764.0000000000000        5125.0000000000000     
   1767.0000000000000        5042.0000000000000     
   1771.0000000000000        5042.0000000000000     
   1773.0000000000000        5062.0000000000000     
   1776.0000000000000        5042.0000000000000     
   1778.0000000000000        5042.0000000000000     
   1780.0000000000000        5072.0000000000000     
   1783.0000000000000        5062.0000000000000     
   1787.0000000000000        5041.0000000000000     
   1789.0000000000000        5071.0000000000000     
   1792.0000000000000        5137.0000000000000     
   1794.0000000000000        5124.0000000000000     
   1796.0000000000000        5109.0000000000000     
   1800.0000000000000        5096.0000000000000     
   1801.0000000000000        5086.0000000000000     
   1805.0000000000000        5079.0000000000000     
   1807.0000000000000        5070.0000000000000     
   1810.0000000000000        5063.0000000000000     
   1812.0000000000000        5055.0000000000000     
   1816.0000000000000        5050.0000000000000     
   1817.0000000000000        5042.0000000000000     
   1821.0000000000000        5036.0000000000000     
   1823.0000000000000        5029.0000000000000     
   1826.0000000000000        5023.0000000000000     
   1828.0000000000000        5019.0000000000000     
   1832.0000000000000        5012.0000000000000     
   1833.0000000000000        5008.0000000000000     
   1837.0000000000000        5004.0000000000000     
   1839.0000000000000        4995.0000000000000     
   1842.0000000000000        4988.0000000000000     
   1844.0000000000000        4981.0000000000000     
   1846.0000000000000        4976.0000000000000     
   1850.0000000000000        4970.0000000000000     
   1853.0000000000000        4966.0000000000000     
   1855.0000000000000        4964.0000000000000     
   1857.0000000000000        4962.0000000000000     
   1860.0000000000000        4960.0000000000000     
   1862.0000000000000        4959.0000000000000     
   1866.0000000000000        4956.0000000000000     
   1869.0000000000000        4955.0000000000000     
   1871.0000000000000        4954.0000000000000     
   1873.0000000000000        4953.0000000000000     
   1876.0000000000000        4952.0000000000000     
   1878.0000000000000        4949.0000000000000     
   1882.0000000000000        4949.0000000000000     
   1883.0000000000000        4947.0000000000000     
   1887.0000000000000        4946.0000000000000     
   1889.0000000000000        4945.0000000000000     
   1892.0000000000000        4944.0000000000000     
   1894.0000000000000        4943.0000000000000     
   1898.0000000000000        4942.0000000000000     
   1900.0000000000000        4941.0000000000000     
   1903.0000000000000        4940.0000000000000     
   1905.0000000000000        4940.0000000000000     
   1907.0000000000000        4939.0000000000000     
   1910.0000000000000        4938.0000000000000     
   1912.0000000000000        4937.0000000000000     
   1916.0000000000000        4936.0000000000000     
   1919.0000000000000        4937.0000000000000     
   1921.0000000000000        4937.0000000000000     
   1923.0000000000000        4936.0000000000000     
   1926.0000000000000        4935.0000000000000     
   1928.0000000000000        4933.0000000000000     
   1932.0000000000000        4934.0000000000000     
   1935.0000000000000        4934.0000000000000     
   1937.0000000000000        4934.0000000000000     
   1939.0000000000000        4935.0000000000000     
   1942.0000000000000        4933.0000000000000     
   1944.0000000000000        4934.0000000000000     
   1948.0000000000000        4932.0000000000000     
   1950.0000000000000        4933.0000000000000     
   1953.0000000000000        4932.0000000000000     
   1955.0000000000000        4932.0000000000000     
   1957.0000000000000        4932.0000000000000     
   1960.0000000000000        4932.0000000000000     
   1964.0000000000000        4932.0000000000000     
   1966.0000000000000        4932.0000000000000     
   1969.0000000000000        4932.0000000000000     
   1971.0000000000000        4932.0000000000000     
   1973.0000000000000        4933.0000000000000     
   1976.0000000000000        4933.0000000000000     
   1978.0000000000000        4934.0000000000000     
   1982.0000000000000        4934.0000000000000     
   1985.0000000000000        4933.0000000000000     
   1987.0000000000000        4935.0000000000000     
   1989.0000000000000        4935.0000000000000     
   1992.0000000000000        4934.0000000000000     
   1994.0000000000000        4936.0000000000000     
   1998.0000000000000        4937.0000000000000     
   2001.0000000000000        4937.0000000000000     
   2003.0000000000000        4938.0000000000000     
   2005.0000000000000        4939.0000000000000     
   2008.0000000000000        4940.0000000000000     
   2010.0000000000000        4940.0000000000000     
   2014.0000000000000        4941.0000000000000     
   2016.0000000000000        4942.0000000000000     
   2019.0000000000000        4943.0000000000000     
   2021.0000000000000        4942.0000000000000     
   2023.0000000000000        4945.0000000000000     
   2026.0000000000000        4946.0000000000000     
   2030.0000000000000        4947.0000000000000     
   2032.0000000000000        4948.0000000000000     
   2035.0000000000000        4949.0000000000000     
   2037.0000000000000        4950.0000000000000     
   2039.0000000000000        4951.0000000000000     
   2042.0000000000000        4952.0000000000000     
   2044.0000000000000        4954.0000000000000     
   2048.0000000000000        4956.0000000000000     
   2051.0000000000000        4956.0000000000000     
   2053.0000000000000        4958.0000000000000     
   2055.0000000000000        4960.0000000000000     
   2058.0000000000000        4962.0000000000000     
   2060.0000000000000        4963.0000000000000     
   2064.0000000000000        4965.0000000000000     
   2067.0000000000000        4966.0000000000000     
   2069.0000000000000        4968.0000000000000     
   2071.0000000000000        4970.0000000000000     
   2075.0000000000000        4972.0000000000000     
   2076.0000000000000        4973.0000000000000     
   2080.0000000000000        4976.0000000000000     
   2082.0000000000000        4978.0000000000000     
   2085.0000000000000        4979.0000000000000     
   2087.0000000000000        4982.0000000000000     
   2089.0000000000000        4982.0000000000000     
   2092.0000000000000        4985.0000000000000     
   2096.0000000000000        4988.0000000000000     
   2098.0000000000000        4989.0000000000000     
   2101.0000000000000        4990.0000000000000     
   2103.0000000000000        4995.0000000000000     
   2105.0000000000000        4995.0000000000000     
   2108.0000000000000        5000.0000000000000     
   2110.0000000000000        4999.0000000000000     
   2114.0000000000000        5001.0000000000000     
   2117.0000000000000        5005.0000000000000     
   2119.0000000000000        5007.0000000000000     
   2121.0000000000000        5010.0000000000000     
   2125.0000000000000        5014.0000000000000     
   2126.0000000000000        5016.0000000000000     
   2130.0000000000000        5019.0000000000000     
   2132.0000000000000        5022.0000000000000     
   2135.0000000000000        5024.0000000000000     
   2137.0000000000000        5027.0000000000000     
   2139.0000000000000        5029.0000000000000     
   2142.0000000000000        5033.0000000000000     
   2146.0000000000000        5035.0000000000000     
   2148.0000000000000        5036.0000000000000     
   2151.0000000000000        5040.0000000000000     
   2153.0000000000000        5044.0000000000000     
   2155.0000000000000        5047.0000000000000     
   2158.0000000000000        5049.0000000000000     
   2162.0000000000000        5053.0000000000000     
   2164.0000000000000        5053.0000000000000     
   2167.0000000000000        5059.0000000000000     
   2169.0000000000000        5061.0000000000000     
   2171.0000000000000        5064.0000000000000     
   2175.0000000000000        5069.0000000000000     
   2176.0000000000000        5073.0000000000000     
   2180.0000000000000        5075.0000000000000     
   2182.0000000000000        5080.0000000000000     
   2185.0000000000000        5083.0000000000000     
   2187.0000000000000        5086.0000000000000     
   2191.0000000000000        5090.0000000000000     
   2192.0000000000000        5095.0000000000000     
   2196.0000000000000        5097.0000000000000     
   2198.0000000000000        5101.0000000000000     
   2201.0000000000000        5105.0000000000000     
   2203.0000000000000        5110.0000000000000     
   2205.0000000000000        5111.0000000000000     
   2208.0000000000000        5114.0000000000000     
   2212.0000000000000        5119.0000000000000     
   2214.0000000000000        5123.0000000000000     
   2217.0000000000000        5125.0000000000000     
   2219.0000000000000        5131.0000000000000     
   2221.0000000000000        5134.0000000000000     
   2225.0000000000000        5138.0000000000000     
   2228.0000000000000        5142.0000000000000     
   2230.0000000000000        5146.0000000000000     
   2232.0000000000000        5150.0000000000000     
   2235.0000000000000        5154.0000000000000     
   2237.0000000000000        5157.0000000000000     
   2241.0000000000000        5165.0000000000000     
   2242.0000000000000        5165.0000000000000     
   2246.0000000000000        5173.0000000000000     
   2248.0000000000000        5176.0000000000000     
   2251.0000000000000        5182.0000000000000     
   2253.0000000000000        5185.0000000000000     
   2257.0000000000000        5190.0000000000000     
   2258.0000000000000        5196.0000000000000     
   2262.0000000000000        5200.0000000000000     
   2264.0000000000000        5204.0000000000000     
   2267.0000000000000        5209.0000000000000     
   2269.0000000000000        5215.0000000000000     
   2273.0000000000000        5219.0000000000000     
   2275.0000000000000        5224.0000000000000     
   2278.0000000000000        5228.0000000000000     
   2280.0000000000000        5232.0000000000000     
   2282.0000000000000        5238.0000000000000     
   2285.0000000000000        5243.0000000000000     
   2287.0000000000000        5247.0000000000000     
   2291.0000000000000        5253.0000000000000     
   2294.0000000000000        5257.0000000000000     
   2296.0000000000000        5263.0000000000000     
   2298.0000000000000        5268.0000000000000     
   2301.0000000000000        5272.0000000000000     
   2303.0000000000000        5279.0000000000000     
   2307.0000000000000        5282.0000000000000     
   2310.0000000000000        5287.0000000000000     
   2312.0000000000000        5295.0000000000000     
   2314.0000000000000        5298.0000000000000     
   2317.0000000000000        5304.0000000000000     
   2319.0000000000000        5309.0000000000000     
   2323.0000000000000        5316.0000000000000     
   2325.0000000000000        5322.0000000000000     
   2328.0000000000000        5325.0000000000000     
   2330.0000000000000        5333.0000000000000     
   2332.0000000000000        5338.0000000000000     
   2335.0000000000000        5344.0000000000000     
   2339.0000000000000        5350.0000000000000     
   2341.0000000000000        5357.0000000000000     
   2344.0000000000000        5363.0000000000000     
   2346.0000000000000        5372.0000000000000     
   2348.0000000000000        5373.0000000000000     
   2351.0000000000000        5382.0000000000000     
   2355.0000000000000        5387.0000000000000     
   2357.0000000000000        5392.0000000000000     
   2360.0000000000000        5399.0000000000000     
   2362.0000000000000        5406.0000000000000     
   2364.0000000000000        5412.0000000000000     
   2367.0000000000000        5418.0000000000000     
   2369.0000000000000        5424.0000000000000     
   2373.0000000000000        5430.0000000000000     
   2376.0000000000000        5435.0000000000000     
   2378.0000000000000        5445.0000000000000     
   2380.0000000000000        5448.0000000000000     
   2383.0000000000000        5455.0000000000000     
   2385.0000000000000        5461.0000000000000     
   2389.0000000000000        5469.0000000000000     
   2392.0000000000000        5472.0000000000000     
   2394.0000000000000        5481.0000000000000     
   2396.0000000000000        5488.0000000000000     
   2400.0000000000000        5492.0000000000000     
   2401.0000000000000        5503.0000000000000     
   2405.0000000000000        5508.0000000000000     
   2407.0000000000000        5517.0000000000000     
   2410.0000000000000        5521.0000000000000     
   2412.0000000000000        5529.0000000000000     
   2414.0000000000000        5538.0000000000000     
   2417.0000000000000        5542.0000000000000     
   2421.0000000000000        5553.0000000000000     
   2423.0000000000000        5558.0000000000000     
   2426.0000000000000        5565.0000000000000     
   2428.0000000000000        5574.0000000000000     
   2430.0000000000000        5581.0000000000000     
   2433.0000000000000        5587.0000000000000     
   2437.0000000000000        5597.0000000000000     
   2439.0000000000000        5604.0000000000000     
   2442.0000000000000        5610.0000000000000     
   2444.0000000000000        5615.0000000000000     
   2446.0000000000000        5628.0000000000000     
   2450.0000000000000        5631.0000000000000     
   2453.0000000000000        5644.0000000000000     
   2455.0000000000000        5648.0000000000000     
   2457.0000000000000        5658.0000000000000     
   2460.0000000000000        5662.0000000000000     
   2462.0000000000000        5671.0000000000000     
   2466.0000000000000        5678.0000000000000     
   2467.0000000000000        5687.0000000000000     
   2471.0000000000000        5696.0000000000000     
   2473.0000000000000        5702.0000000000000     
   2476.0000000000000        5711.0000000000000     
   2478.0000000000000        5719.0000000000000     
   2482.0000000000000        5726.0000000000000     
   2483.0000000000000        5735.0000000000000     
   2487.0000000000000        5743.0000000000000     
   2489.0000000000000        5751.0000000000000     
   2492.0000000000000        5754.0000000000000     
   2494.0000000000000        5767.0000000000000     
   2498.0000000000000        5772.0000000000000     
   2500.0000000000000        5782.0000000000000     
   2503.0000000000000        5789.0000000000000     
   2505.0000000000000        5798.0000000000000     
   2507.0000000000000        5809.0000000000000     
   2510.0000000000000        5815.0000000000000     
   2514.0000000000000        5823.0000000000000     
   2516.0000000000000        5832.0000000000000     
   2519.0000000000000        5840.0000000000000     
   2521.0000000000000        5848.0000000000000     
   2523.0000000000000        5859.0000000000000     
   2526.0000000000000        5867.0000000000000     
   2530.0000000000000        5878.0000000000000     
   2532.0000000000000        5886.0000000000000     
   2535.0000000000000        5894.0000000000000     
   2537.0000000000000        5905.0000000000000     
   2539.0000000000000        5912.0000000000000     
   2542.0000000000000        5921.0000000000000     
   2546.0000000000000        5934.0000000000000     
   2548.0000000000000        5934.0000000000000     
   2551.0000000000000        5952.0000000000000     
   2553.0000000000000        5959.0000000000000     
   2555.0000000000000        5967.0000000000000     
   2558.0000000000000        5976.0000000000000     
   2562.0000000000000        5986.0000000000000     
   2564.0000000000000        5996.0000000000000     
   2567.0000000000000        6003.0000000000000     
   2569.0000000000000        6014.0000000000000     
   2571.0000000000000        6025.0000000000000     
   2575.0000000000000        6035.0000000000000     
   2578.0000000000000        6042.0000000000000     
   2580.0000000000000        6055.0000000000000     
   2582.0000000000000        6061.0000000000000     
   2585.0000000000000        6071.0000000000000     
   2587.0000000000000        6081.0000000000000     
   2591.0000000000000        6091.0000000000000     
   2592.0000000000000        6104.0000000000000     
   2596.0000000000000        6116.0000000000000     
   2598.0000000000000        6123.0000000000000     
   2601.0000000000000        6135.0000000000000     
   2603.0000000000000        6146.0000000000000     
   2607.0000000000000        6155.0000000000000     
   2608.0000000000000        6166.0000000000000     
   2612.0000000000000        6172.0000000000000     
   2614.0000000000000        6185.0000000000000     
   2617.0000000000000        6192.0000000000000     
   2619.0000000000000        6204.0000000000000     
   2623.0000000000000        6212.0000000000000     
   2626.0000000000000        6226.0000000000000     
   2628.0000000000000        6237.0000000000000     
   2630.0000000000000        6248.0000000000000     
   2632.0000000000000        6258.0000000000000     
   2635.0000000000000        6265.0000000000000     
   2639.0000000000000        6281.0000000000000     
   2642.0000000000000        6290.0000000000000     
   2644.0000000000000        6300.0000000000000     
   2646.0000000000000        6310.0000000000000     
   2650.0000000000000        6322.0000000000000     
   2651.0000000000000        6331.0000000000000     
   2655.0000000000000        6338.0000000000000     
   2657.0000000000000        6351.0000000000000     
   2660.0000000000000        6365.0000000000000     
   2662.0000000000000        6374.0000000000000     
   2666.0000000000000        6387.0000000000000     
   2667.0000000000000        6395.0000000000000     
   2671.0000000000000        6408.0000000000000     
   2673.0000000000000        6421.0000000000000     
   2676.0000000000000        6432.0000000000000     
   2678.0000000000000        6440.0000000000000     
   2682.0000000000000        6452.0000000000000     
   2683.0000000000000        6462.0000000000000     
   2687.0000000000000        6476.0000000000000     
   2689.0000000000000        6485.0000000000000     
   2692.0000000000000        6498.0000000000000     
   2694.0000000000000        6510.0000000000000     
   2698.0000000000000        6523.0000000000000     
   2700.0000000000000        6534.0000000000000     
   2703.0000000000000        6547.0000000000000     
   2705.0000000000000        6557.0000000000000     
   2707.0000000000000        6565.0000000000000     
   2710.0000000000000        6580.0000000000000     
   2714.0000000000000        6591.0000000000000     
   2716.0000000000000        6604.0000000000000     
   2719.0000000000000        6620.0000000000000     
   2721.0000000000000        6627.0000000000000     
   2723.0000000000000        6640.0000000000000     
   2726.0000000000000        6651.0000000000000     
   2730.0000000000000        6663.0000000000000     
   2732.0000000000000        6677.0000000000000     
   2735.0000000000000        6690.0000000000000     
   2737.0000000000000        6700.0000000000000     
   2741.0000000000000        6715.0000000000000     
   2742.0000000000000        6728.0000000000000     
   2746.0000000000000        6738.0000000000000     
   2748.0000000000000        6753.0000000000000     
   2751.0000000000000        6765.0000000000000     
   2753.0000000000000        6778.0000000000000     
   2757.0000000000000        6787.0000000000000     
   2758.0000000000000        6799.0000000000000     
   2762.0000000000000        6816.0000000000000     
   2764.0000000000000        6828.0000000000000     
   2767.0000000000000        6840.0000000000000     
   2769.0000000000000        6856.0000000000000     
   2773.0000000000000        6865.0000000000000     
   2775.0000000000000        6879.0000000000000     
   2778.0000000000000        6893.0000000000000     
   2780.0000000000000        6907.0000000000000     
   2782.0000000000000        6920.0000000000000     
   2785.0000000000000        6935.0000000000000     
   2789.0000000000000        6944.0000000000000     
   2792.0000000000000        6959.0000000000000     
   2794.0000000000000        6974.0000000000000     
   2796.0000000000000        6988.0000000000000     
   2800.0000000000000        7002.0000000000000     
   2801.0000000000000        7009.0000000000000     
   2805.0000000000000        7026.0000000000000     
   2807.0000000000000        7042.0000000000000     
   2810.0000000000000        7056.0000000000000     
   2812.0000000000000        7063.0000000000000     
   2816.0000000000000        7079.0000000000000     
   2817.0000000000000        7091.0000000000000     
   2821.0000000000000        7104.0000000000000     
   2823.0000000000000        7123.0000000000000     
   2826.0000000000000        7138.0000000000000     
   2828.0000000000000        7148.0000000000000     
   2832.0000000000000        7166.0000000000000     
   2835.0000000000000        7178.0000000000000     
   2837.0000000000000        7196.0000000000000     
   2839.0000000000000        7203.0000000000000     
   2842.0000000000000        7224.0000000000000     
   2844.0000000000000        7238.0000000000000     
   2848.0000000000000        7248.0000000000000     
   2851.0000000000000        7265.0000000000000     
   2853.0000000000000        7280.0000000000000     
   2855.0000000000000        7293.0000000000000     
   2858.0000000000000        7306.0000000000000     
   2862.0000000000000        7320.0000000000000     
   2864.0000000000000        7334.0000000000000     
   2867.0000000000000        7355.0000000000000     
   2869.0000000000000        7365.0000000000000     
   2871.0000000000000        7379.0000000000000     
   2875.0000000000000        7390.0000000000000     
   2878.0000000000000        7411.0000000000000     
   2880.0000000000000        7426.0000000000000     
   2882.0000000000000        7442.0000000000000     
   2885.0000000000000        7451.0000000000000     
   2889.0000000000000        7469.0000000000000     
   2891.0000000000000        7482.0000000000000     
   2894.0000000000000        7499.0000000000000     
   2896.0000000000000        7515.0000000000000     
   2898.0000000000000        7526.0000000000000     
   2901.0000000000000        7547.0000000000000     
   2905.0000000000000        7556.0000000000000     
   2907.0000000000000        7569.0000000000000     
   2910.0000000000000        7588.0000000000000     
   2912.0000000000000        7605.0000000000000     
   2916.0000000000000        7623.0000000000000     
   2917.0000000000000        7638.0000000000000     
   2921.0000000000000        7650.0000000000000     
   2923.0000000000000        7664.0000000000000     
   2926.0000000000000        7679.0000000000000     
   2928.0000000000000        7698.0000000000000     
   2932.0000000000000        7713.0000000000000     
   2935.0000000000000        7727.0000000000000     
   2937.0000000000000        7744.0000000000000     
   2939.0000000000000        7762.0000000000000     
   2942.0000000000000        7775.0000000000000     
   2944.0000000000000        7792.0000000000000     
   2948.0000000000000        7810.0000000000000     
   2951.0000000000000        7830.0000000000000     
   2953.0000000000000        7839.0000000000000     
   2955.0000000000000        7855.0000000000000     
   2958.0000000000000        7870.0000000000000     
   2962.0000000000000        7891.0000000000000     
   2964.0000000000000        7905.0000000000000     
   2967.0000000000000        7927.0000000000000     
   2969.0000000000000        7939.0000000000000     
   2971.0000000000000        7952.0000000000000     
   2975.0000000000000        7976.0000000000000     
   2978.0000000000000        7989.0000000000000     
   2980.0000000000000        8006.0000000000000     
   2982.0000000000000        8028.0000000000000     
   2985.0000000000000        8039.0000000000000     
   2989.0000000000000        8058.0000000000000     
   2992.0000000000000        8073.0000000000000     
   2994.0000000000000        8090.0000000000000     
   2996.0000000000000        8109.0000000000000     
   3000.0000000000000        8119.0000000000000     
   3001.0000000000000        8139.0000000000000     
   3005.0000000000000        8162.0000000000000     
   3007.0000000000000        8170.0000000000000     
   3010.0000000000000        8191.0000000000000     
   3012.0000000000000        8206.0000000000000     
   3016.0000000000000        8230.0000000000000     
   3019.0000000000000        8239.0000000000000     
   3021.0000000000000        8256.0000000000000     
   3023.0000000000000        8282.0000000000000     
   3026.0000000000000        8295.0000000000000     
   3030.0000000000000        8312.0000000000000     
   3032.0000000000000        8327.0000000000000     
   3035.0000000000000        8346.0000000000000     
   3037.0000000000000        8362.0000000000000     
   3041.0000000000000        8379.0000000000000     
   3042.0000000000000        8397.0000000000000     
   3046.0000000000000        8417.0000000000000     
   3048.0000000000000        8430.0000000000000     
   3051.0000000000000        8451.0000000000000     
   3053.0000000000000        8467.0000000000000     
   3057.0000000000000        8487.0000000000000     
   3060.0000000000000        8505.0000000000000     
   3062.0000000000000        8530.0000000000000     
   3064.0000000000000        8544.0000000000000     
   3067.0000000000000        8562.0000000000000     
   3071.0000000000000        8581.0000000000000     
   3073.0000000000000        8599.0000000000000     
   3076.0000000000000        8617.0000000000000     
   3078.0000000000000        8641.0000000000000     
   3082.0000000000000        8656.0000000000000     
   3083.0000000000000        8676.0000000000000     
   3087.0000000000000        8690.0000000000000     
   3089.0000000000000        8709.0000000000000     
   3092.0000000000000        8728.0000000000000     
   3094.0000000000000        8751.0000000000000     
   3098.0000000000000        8772.0000000000000     
   3101.0000000000000        8781.0000000000000     
   3103.0000000000000        8802.0000000000000     
   3105.0000000000000        8827.0000000000000     
   3108.0000000000000        8844.0000000000000     
   3112.0000000000000        8863.0000000000000     
   3114.0000000000000        8879.0000000000000     
   3117.0000000000000        8900.0000000000000     
   3119.0000000000000        8917.0000000000000     
   3123.0000000000000        8937.0000000000000     
   3125.0000000000000        8959.0000000000000     
   3128.0000000000000        8980.0000000000000     
   3130.0000000000000        8998.0000000000000     
   3133.0000000000000        9025.0000000000000     
   3135.0000000000000        9041.0000000000000     
   3139.0000000000000        9053.0000000000000     
   3142.0000000000000        9072.0000000000000     
   3144.0000000000000        9093.0000000000000     
   3146.0000000000000        9111.0000000000000     
   3150.0000000000000        9137.0000000000000     
   3153.0000000000000        9154.0000000000000     
   3155.0000000000000        9170.0000000000000     
   3157.0000000000000        9183.0000000000000     
   3160.0000000000000        9212.0000000000000     
   3164.0000000000000        9230.0000000000000     
   3167.0000000000000        9254.0000000000000     
   3169.0000000000000        9270.0000000000000     
   3171.0000000000000        9293.0000000000000     
   3175.0000000000000        9306.0000000000000     
   3178.0000000000000        9331.0000000000000     
   3180.0000000000000        9352.0000000000000     
   3182.0000000000000        9362.0000000000000     
   3185.0000000000000        9386.0000000000000     
   3189.0000000000000        9408.0000000000000     
   3191.0000000000000        9428.0000000000000     
   3194.0000000000000        9447.0000000000000     
   3196.0000000000000        9475.0000000000000     
   3200.0000000000000        9493.0000000000000     
   3202.0000000000000        9507.0000000000000     
   3204.0000000000000        9530.0000000000000     
   3207.0000000000000        9553.0000000000000     
   3210.0000000000000        9577.0000000000000     
   3213.0000000000000        9595.0000000000000     
   3215.0000000000000        9623.0000000000000     
   3218.0000000000000        9644.0000000000000     
   3221.0000000000000        9659.0000000000000     
   3224.0000000000000        9680.0000000000000     
   3227.0000000000000        9700.0000000000000     
   3229.0000000000000        9721.0000000000000     
   3232.0000000000000        9746.0000000000000     
   3235.0000000000000        9763.0000000000000     
   3238.0000000000000        9788.0000000000000     
   3240.0000000000000        9814.0000000000000     
   3243.0000000000000        9838.0000000000000     
   3246.0000000000000        9849.0000000000000     
   3249.0000000000000        9874.0000000000000     
   3252.0000000000000        9897.0000000000000     
   3254.0000000000000        9919.0000000000000     
   3257.0000000000000        9938.0000000000000     
   3260.0000000000000        9962.0000000000000     
   3263.0000000000000        9979.0000000000000     
   3265.0000000000000        10010.000000000000     
   3268.0000000000000        10032.000000000000     
   3271.0000000000000        10051.000000000000     
   3274.0000000000000        10071.000000000000     
   3277.0000000000000        10095.000000000000     
   3279.0000000000000        10117.000000000000     
   3282.0000000000000        10139.000000000000     
   3285.0000000000000        10161.000000000000     
   3288.0000000000000        10193.000000000000     
   3290.0000000000000        10217.000000000000     
   3293.0000000000000        10229.000000000000     
   3296.0000000000000        10259.000000000000     
   3299.0000000000000        10277.000000000000     
   3302.0000000000000        10300.000000000000     
   3304.0000000000000        10320.000000000000     
   3307.0000000000000        10346.000000000000     
   3310.0000000000000        10371.000000000000     
   3313.0000000000000        10393.000000000000     
   3315.0000000000000        10409.000000000000     
   3318.0000000000000        10430.000000000000     
   3321.0000000000000        10459.000000000000     
   3324.0000000000000        10487.000000000000     
   3327.0000000000000        10503.000000000000     
   3329.0000000000000        10530.000000000000     
   3332.0000000000000        10550.000000000000     
   3335.0000000000000        10578.000000000000     
   3338.0000000000000        10602.000000000000     
   3340.0000000000000        10630.000000000000     
   3343.0000000000000        10649.000000000000     
   3346.0000000000000        10666.000000000000     
   3349.0000000000000        10695.000000000000     
   3352.0000000000000        10722.000000000000     
   3354.0000000000000        10735.000000000000     
   3357.0000000000000        10765.000000000000     
   3360.0000000000000        10795.000000000000     
   3363.0000000000000        10804.000000000000     
   3365.0000000000000        10836.000000000000     
   3368.0000000000000        10860.000000000000     
   3371.0000000000000        10880.000000000000     
   3375.0000000000000        10905.000000000000     
   3377.0000000000000        10935.000000000000     
   3379.0000000000000        10960.000000000000     
   3382.0000000000000        10977.000000000000     
   3385.0000000000000        11002.000000000000     
   3389.0000000000000        11041.000000000000     
   3390.0000000000000        11055.000000000000     
   3393.0000000000000        11081.000000000000     
   3396.0000000000000        11102.000000000000     
   3400.0000000000000        11128.000000000000     
   3403.0000000000000        11158.000000000000     
   3404.0000000000000        11180.000000000000     
   3407.0000000000000        11211.000000000000     
   3410.0000000000000        11230.000000000000     
   3414.0000000000000        11261.000000000000     
   3417.0000000000000        11280.000000000000     
   3418.0000000000000        11315.000000000000     
   3421.0000000000000        11341.000000000000     
   3425.0000000000000        11356.000000000000     
   3428.0000000000000        11379.000000000000     
   3431.0000000000000        11405.000000000000     
   3432.0000000000000        11429.000000000000     
   3435.0000000000000        11461.000000000000     
   3439.0000000000000        11482.000000000000     
   3442.0000000000000        11510.000000000000     
   3445.0000000000000        11548.000000000000     
   3447.0000000000000        11566.000000000000     
   3450.0000000000000        11597.000000000000     
   3453.0000000000000        11614.000000000000     
   3456.0000000000000        11645.000000000000     
   3459.0000000000000        11664.000000000000     
   3461.0000000000000        11685.000000000000     
   3464.0000000000000        11715.000000000000     
   3467.0000000000000        11749.000000000000     
   3470.0000000000000        11772.000000000000     
   3472.0000000000000        11798.000000000000     
   3475.0000000000000        11821.000000000000     
   3478.0000000000000        11860.000000000000     
   3481.0000000000000        11875.000000000000     
   3484.0000000000000        11908.000000000000     
   3486.0000000000000        11937.000000000000     
   3489.0000000000000        11955.000000000000     
   3492.0000000000000        11990.000000000000     
   3496.0000000000000        12018.000000000000     
   3497.0000000000000        12034.000000000000     
   3500.0000000000000        12062.000000000000     
   3503.0000000000000        12085.000000000000     
   3507.0000000000000        12124.000000000000     
   3510.0000000000000        12133.000000000000     
   3511.0000000000000        12166.000000000000     
   3514.0000000000000        12185.000000000000     
   3517.0000000000000        12222.000000000000     
   3521.0000000000000        12239.000000000000     
   3524.0000000000000        12272.000000000000     
   3527.0000000000000        12300.000000000000     
   3529.0000000000000        12321.000000000000     
   3532.0000000000000        12359.000000000000     
   3535.0000000000000        12378.000000000000     
   3538.0000000000000        12414.000000000000     
   3540.0000000000000        12438.000000000000     
   3543.0000000000000        12468.000000000000     
   3546.0000000000000        12491.000000000000     
   3549.0000000000000        12522.000000000000     
   3552.0000000000000        12550.000000000000     
   3554.0000000000000        12578.000000000000     
   3557.0000000000000        12615.000000000000     
   3560.0000000000000        12630.000000000000     
   3564.0000000000000        12656.000000000000     
   3565.0000000000000        12694.000000000000     
   3568.0000000000000        12722.000000000000     
   3571.0000000000000        12756.000000000000     
   3575.0000000000000        12782.000000000000     
   3578.0000000000000        12799.000000000000     
   3581.0000000000000        12837.000000000000     
   3584.0000000000000        12852.000000000000     
   3585.0000000000000        12885.000000000000     
   3589.0000000000000        12914.000000000000     
   3592.0000000000000        12943.000000000000     
   3595.0000000000000        12984.000000000000     
   3597.0000000000000        13004.000000000000     
   3600.0000000000000        13035.000000000000     
   3603.0000000000000        13077.000000000000     
   3606.0000000000000        13092.000000000000     
   3609.0000000000000        13127.000000000000     
   3611.0000000000000        13151.000000000000     
   3614.0000000000000        13175.000000000000     
   3617.0000000000000        13212.000000000000     
   3621.0000000000000        13231.000000000000     
   3624.0000000000000        13262.000000000000     
   3625.0000000000000        13291.000000000000     
   3628.0000000000000        13314.000000000000     
   3632.0000000000000        13346.000000000000     
   3635.0000000000000        13379.000000000000     
   3638.0000000000000        13410.000000000000     
   3640.0000000000000        13442.000000000000     
   3643.0000000000000        13469.000000000000     
   3646.0000000000000        13509.000000000000     
   3649.0000000000000        13536.000000000000     
   3652.0000000000000        13562.000000000000     
   3654.0000000000000        13596.000000000000     
   3657.0000000000000        13624.000000000000     
   3660.0000000000000        13654.000000000000     
   3664.0000000000000        13684.000000000000     
   3667.0000000000000        13723.000000000000     
   3668.0000000000000        13747.000000000000     
   3671.0000000000000        13780.000000000000     
   3675.0000000000000        13803.000000000000     
   3678.0000000000000        13827.000000000000     
   3681.0000000000000        13867.000000000000     
   3684.0000000000000        13886.000000000000     
   3686.0000000000000        13921.000000000000     
   3689.0000000000000        13949.000000000000     
   3692.0000000000000        13982.000000000000     
   3695.0000000000000        14027.000000000000     
   3697.0000000000000        14053.000000000000     
   3700.0000000000000        14077.000000000000     
   3703.0000000000000        14106.000000000000     
   3707.0000000000000        14137.000000000000     
   3710.0000000000000        14170.000000000000     
   3713.0000000000000        14201.000000000000     
   3715.0000000000000        14232.000000000000     
   3717.0000000000000        14276.000000000000     
   3721.0000000000000        14304.000000000000     
   3724.0000000000000        14333.000000000000     
   3727.0000000000000        14369.000000000000     
   3729.0000000000000        14388.000000000000     
   3732.0000000000000        14423.000000000000     
   3735.0000000000000        14453.000000000000     
   3739.0000000000000        14490.000000000000     
   3742.0000000000000        14518.000000000000     
   3745.0000000000000        14546.000000000000     
   3746.0000000000000        14574.000000000000     
   3750.0000000000000        14613.000000000000     
   3753.0000000000000        14648.000000000000     
   3756.0000000000000        14682.000000000000     
   3759.0000000000000        14703.000000000000     
   3761.0000000000000        14747.000000000000     
   3764.0000000000000        14770.000000000000     
   3767.0000000000000        14819.000000000000     
   3771.0000000000000        14833.000000000000     
   3774.0000000000000        14875.000000000000     
   3775.0000000000000        14911.000000000000     
   3778.0000000000000        14939.000000000000     
   3782.0000000000000        14968.000000000000     
   3785.0000000000000        14999.000000000000     
   3788.0000000000000        15043.000000000000     
   3790.0000000000000        15069.000000000000     
   3793.0000000000000        15104.000000000000     
   3796.0000000000000        15131.000000000000     
   3800.0000000000000        15164.000000000000     
   3803.0000000000000        15198.000000000000     
   3806.0000000000000        15239.000000000000     
   3809.0000000000000        15275.000000000000     
   3810.0000000000000        15306.000000000000     
   3814.0000000000000        15330.000000000000     
   3817.0000000000000        15372.000000000000     
   3820.0000000000000        15398.000000000000     
   3822.0000000000000        15432.000000000000     
   3825.0000000000000        15468.000000000000     
   3828.0000000000000        15495.000000000000     
   3832.0000000000000        15534.000000000000     
   3835.0000000000000        15571.000000000000     
   3838.0000000000000        15600.000000000000     
   3840.0000000000000        15637.000000000000     
   3843.0000000000000        15666.000000000000     
   3846.0000000000000        15703.000000000000     
   3850.0000000000000        15733.000000000000     
   3852.0000000000000        15777.000000000000     
   3854.0000000000000        15799.000000000000     
   3857.0000000000000        15844.000000000000     
   3860.0000000000000        15882.000000000000     
   3864.0000000000000        15905.000000000000     
   3867.0000000000000        15950.000000000000     
   3870.0000000000000        15984.000000000000     
   3872.0000000000000        16017.000000000000     
   3875.0000000000000        16048.000000000000     
   3878.0000000000000        16085.000000000000     
   3882.0000000000000        16117.000000000000     
   3885.0000000000000        16161.000000000000     
   3888.0000000000000        16196.000000000000     
   3890.0000000000000        16224.000000000000     
   3893.0000000000000        16265.000000000000     
   3896.0000000000000        16301.000000000000     
   3899.0000000000000        16327.000000000000     
   3902.0000000000000        16369.000000000000     
   3904.0000000000000        16413.000000000000     
   3907.0000000000000        16439.000000000000     
   3910.0000000000000        16475.000000000000     
   3914.0000000000000        16511.000000000000     
   3917.0000000000000        16546.000000000000     
   3920.0000000000000        16580.000000000000     
   3922.0000000000000        16622.000000000000     
   3925.0000000000000        16652.000000000000     
   3928.0000000000000        16690.000000000000     
   3932.0000000000000        16718.000000000000     
   3935.0000000000000        16762.000000000000     
   3938.0000000000000        16793.000000000000     
   3940.0000000000000        16835.000000000000     
   3943.0000000000000        16874.000000000000     
   3946.0000000000000        16910.000000000000     
   3950.0000000000000        16946.000000000000     
   3953.0000000000000        16989.000000000000     
   3956.0000000000000        17028.000000000000     
   3959.0000000000000        17062.000000000000     
   3961.0000000000000        17095.000000000000     
   3964.0000000000000        17136.000000000000     
   3967.0000000000000        17166.000000000000     
   3971.0000000000000        17205.000000000000     
   3974.0000000000000        17241.000000000000     
   3977.0000000000000        17280.000000000000     
   3978.0000000000000        17318.000000000000     
   3982.0000000000000        17351.000000000000     
   3985.0000000000000        17386.000000000000     
   3988.0000000000000        17427.000000000000     
   3990.0000000000000        17461.000000000000     
   3993.0000000000000        17502.000000000000     
   3996.0000000000000        17533.000000000000     
   4000.0000000000000        17590.000000000000     
   4003.0000000000000        17615.000000000000     
   4006.0000000000000        17663.000000000000     
   4009.0000000000000        17696.000000000000     
   4011.0000000000000        17737.000000000000     
   4014.0000000000000        17776.000000000000     
   4017.0000000000000        17812.000000000000     
   4021.0000000000000        17842.000000000000     
   4024.0000000000000        17874.000000000000     
   4027.0000000000000        17924.000000000000     
   4029.0000000000000        17964.000000000000     
   4032.0000000000000        17996.000000000000     
   4035.0000000000000        18036.000000000000     
   4039.0000000000000        18069.000000000000     
   4042.0000000000000        18111.000000000000     
   4045.0000000000000        18161.000000000000     
   4047.0000000000000        18184.000000000000     
   4050.0000000000000        18241.000000000000     
   4053.0000000000000        18273.000000000000     
   4057.0000000000000        18315.000000000000     
   4060.0000000000000        18354.000000000000     
   4063.0000000000000        18395.000000000000     
   4065.0000000000000        18431.000000000000     
   4068.0000000000000        18463.000000000000     
   4071.0000000000000        18514.000000000000     
   4075.0000000000000        18549.000000000000     
   4078.0000000000000        18593.000000000000     
   4081.0000000000000        18631.000000000000     
   4084.0000000000000        18672.000000000000     
   4086.0000000000000        18708.000000000000     
   4089.0000000000000        18756.000000000000     
   4092.0000000000000        18794.000000000000     
   4096.0000000000000        18836.000000000000     
   4099.0000000000000        18860.000000000000     
   4102.0000000000000        18902.000000000000     
   4104.0000000000000        18949.000000000000     
   4107.0000000000000        18979.000000000000     
   4111.0000000000000        19028.000000000000     
   4114.0000000000000        19064.000000000000     
   4117.0000000000000        19103.000000000000     
   4121.0000000000000        19142.000000000000     
   4124.0000000000000        19197.000000000000     
   4127.0000000000000        19236.000000000000     
   4129.0000000000000        19270.000000000000     
   4132.0000000000000        19324.000000000000     
   4135.0000000000000        19354.000000000000     
   4139.0000000000000        19405.000000000000     
   4142.0000000000000        19446.000000000000     
   4145.0000000000000        19489.000000000000     
   4147.0000000000000        19523.000000000000     
   4150.0000000000000        19565.000000000000     
   4153.0000000000000        19614.000000000000     
   4157.0000000000000        19652.000000000000     
   4160.0000000000000        19701.000000000000     
   4163.0000000000000        19739.000000000000     
   4165.0000000000000        19780.000000000000     
   4168.0000000000000        19808.000000000000     
   4171.0000000000000        19865.000000000000     
   4175.0000000000000        19898.000000000000     
   4178.0000000000000        19940.000000000000     
   4181.0000000000000        19976.000000000000     
   4184.0000000000000        20029.000000000000     
   4186.0000000000000        20065.000000000000     
   4190.0000000000000        20117.000000000000     
   4193.0000000000000        20151.000000000000     
   4196.0000000000000        20199.000000000000     
   4200.0000000000000        20246.000000000000     
   4203.0000000000000        20270.000000000000     
   4206.0000000000000        20324.000000000000     
   4209.0000000000000        20369.000000000000     
   4211.0000000000000        20416.000000000000     
   4214.0000000000000        20458.000000000000     
   4217.0000000000000        20485.000000000000     
   4221.0000000000000        20547.000000000000     
   4224.0000000000000        20590.000000000000     
   4227.0000000000000        20633.000000000000     
   4229.0000000000000        20666.000000000000     
   4232.0000000000000        20722.000000000000     
   4236.0000000000000        20758.000000000000     
   4239.0000000000000        20805.000000000000     
   4242.0000000000000        20850.000000000000     
   4246.0000000000000        20888.000000000000     
   4249.0000000000000        20945.000000000000     
   4252.0000000000000        20973.000000000000     
   4254.0000000000000        21027.000000000000     
   4257.0000000000000        21071.000000000000     
   4260.0000000000000        21104.000000000000     
   4264.0000000000000        21162.000000000000     
   4267.0000000000000        21204.000000000000     
   4270.0000000000000        21253.000000000000     
   4272.0000000000000        21291.000000000000     
   4277.0000000000000        21329.000000000000     
   4279.0000000000000        21374.000000000000     
   4282.0000000000000        21426.000000000000     
   4285.0000000000000        21455.000000000000     
   4289.0000000000000        21517.000000000000     
   4292.0000000000000        21558.000000000000     
   4295.0000000000000        21609.000000000000     
   4297.0000000000000        21641.000000000000     
   4300.0000000000000        21690.000000000000     
   4303.0000000000000        21715.000000000000     
   4307.0000000000000        21776.000000000000     
   4310.0000000000000        21833.000000000000     
   4314.0000000000000        21871.000000000000     
   4317.0000000000000        21907.000000000000     
   4320.0000000000000        21966.000000000000     
   4322.0000000000000        22013.000000000000     
   4325.0000000000000        22041.000000000000     
   4328.0000000000000        22108.000000000000     
   4332.0000000000000        22159.000000000000     
   4335.0000000000000        22195.000000000000     
   4339.0000000000000        22232.000000000000     
   4342.0000000000000        22270.000000000000     
   4345.0000000000000        22329.000000000000     
   4347.0000000000000        22368.000000000000     
   4350.0000000000000        22419.000000000000     
   4353.0000000000000        22472.000000000000     
   4357.0000000000000        22520.000000000000     
   4360.0000000000000        22569.000000000000     
   4364.0000000000000        22587.000000000000     
   4367.0000000000000        22660.000000000000     
   4370.0000000000000        22711.000000000000     
   4372.0000000000000        22739.000000000000     
   4375.0000000000000        22797.000000000000     
   4378.0000000000000        22853.000000000000     
   4382.0000000000000        22905.000000000000     
   4385.0000000000000        22937.000000000000     
   4389.0000000000000        22992.000000000000     
   4392.0000000000000        23044.000000000000     
   4395.0000000000000        23093.000000000000     
   4397.0000000000000        23038.000000000000     
   4400.0000000000000        23197.000000000000     
   4403.0000000000000        23246.000000000000     
   4407.0000000000000        23291.000000000000     
   4410.0000000000000        23232.000000000000     
   4414.0000000000000        23391.000000000000     
   4417.0000000000000        23441.000000000000     
   4420.0000000000000        23485.000000000000     
   4422.0000000000000        23416.000000000000     
   4425.0000000000000        23574.000000000000     
   4429.0000000000000        23624.000000000000     
   4432.0000000000000        23582.000000000000     
   4435.0000000000000        23708.000000000000     
   4439.0000000000000        23780.000000000000     
   4442.0000000000000        23822.000000000000     
   4445.0000000000000        23800.000000000000     
   4447.0000000000000        23916.000000000000     
   4452.0000000000000        23971.000000000000     
   4454.0000000000000        24016.000000000000     
   4457.0000000000000        23993.000000000000     
   4460.0000000000000        24116.000000000000     
   4464.0000000000000        24162.000000000000     
   4467.0000000000000        24100.000000000000     
   4471.0000000000000        24256.000000000000     
   4474.0000000000000        24301.000000000000     
   4477.0000000000000        24350.000000000000     
   4479.0000000000000        24311.000000000000     
   4482.0000000000000        24461.000000000000     
   4486.0000000000000        24507.000000000000     
   4489.0000000000000        24468.000000000000     
   4492.0000000000000        24620.000000000000     
   4496.0000000000000        24661.000000000000     
   4499.0000000000000        24659.000000000000     
   4502.0000000000000        24773.000000000000     
   4506.0000000000000        24812.000000000000     
   4509.0000000000000        24881.000000000000     
   4511.0000000000000        24829.000000000000     
   4514.0000000000000        24971.000000000000     
   4517.0000000000000        25045.000000000000     
   4521.0000000000000        24982.000000000000     
   4525.0000000000000        25128.000000000000     
   4528.0000000000000        25173.000000000000     
   4531.0000000000000        25154.000000000000     
   4534.0000000000000        25287.000000000000     
   4538.0000000000000        25341.000000000000     
   4540.0000000000000        25308.000000000000     
   4543.0000000000000        25441.000000000000     
   4546.0000000000000        25495.000000000000     
   4550.0000000000000        25489.000000000000     
   4553.0000000000000        25611.000000000000     
   4557.0000000000000        25657.000000000000     
   4560.0000000000000        25610.000000000000     
   4563.0000000000000        25764.000000000000     
   4567.0000000000000        25807.000000000000     
   4570.0000000000000        25770.000000000000     
   4572.0000000000000        25916.000000000000     
   4575.0000000000000        25957.000000000000     
   4578.0000000000000        25922.000000000000     
   4582.0000000000000        26069.000000000000     
   4585.0000000000000        26124.000000000000     
   4589.0000000000000        26072.000000000000     
   4592.0000000000000        26216.000000000000     
   4596.0000000000000        26291.000000000000     
   4599.0000000000000        26249.000000000000     
   4602.0000000000000        26384.000000000000     
   4604.0000000000000        26332.000000000000     
   4607.0000000000000        26499.000000000000     
   4611.0000000000000        26524.000000000000     
   4614.0000000000000        26517.000000000000     
   4617.0000000000000        26655.000000000000     
   4621.0000000000000        26627.000000000000     
   4625.0000000000000        26766.000000000000     
   4628.0000000000000        26822.000000000000     
   4631.0000000000000        26791.000000000000     
   4634.0000000000000        26937.000000000000     
   4638.0000000000000        26930.000000000000     
   4640.0000000000000        27046.000000000000     
   4643.0000000000000        27087.000000000000     
   4646.0000000000000        27075.000000000000     
   4650.0000000000000        27187.000000000000     
   4653.0000000000000        27145.000000000000     
   4657.0000000000000        27295.000000000000     
   4660.0000000000000        27353.000000000000     
   4664.0000000000000        27325.000000000000     
   4667.0000000000000        27478.000000000000     
   4670.0000000000000        27436.000000000000     
   4672.0000000000000        27574.000000000000     
   4677.0000000000000        27593.000000000000     
   4679.0000000000000        27703.000000000000     
   4682.0000000000000        27666.000000000000     
   4686.0000000000000        27812.000000000000     
   4689.0000000000000        27797.000000000000     
   4692.0000000000000        27916.000000000000     
   4696.0000000000000        27902.000000000000     
   4700.0000000000000        28041.000000000000     
   4703.0000000000000        28077.000000000000     
   4706.0000000000000        28024.000000000000     
   4710.0000000000000        28187.000000000000     
   4713.0000000000000        28166.000000000000     
   4715.0000000000000        28295.000000000000     
   4718.0000000000000        28284.000000000000     
   4722.0000000000000        28328.000000000000     
   4725.0000000000000        28471.000000000000     
   4728.0000000000000        28449.000000000000     
   4732.0000000000000        28588.000000000000     
   4735.0000000000000        28585.000000000000     
   4739.0000000000000        28692.000000000000     
   4742.0000000000000        28690.000000000000     
   4746.0000000000000        28838.000000000000     
   4749.0000000000000        28795.000000000000     
   4752.0000000000000        28871.000000000000     
   4756.0000000000000        29003.000000000000     
   4759.0000000000000        28970.000000000000     
   4761.0000000000000        29113.000000000000     
   4765.0000000000000        29093.000000000000     
   4768.0000000000000        29148.000000000000     
   4771.0000000000000        29274.000000000000     
   4775.0000000000000        29288.000000000000     
   4778.0000000000000        29346.000000000000     
   4782.0000000000000        29474.000000000000     
   4785.0000000000000        29450.000000000000     
   4789.0000000000000        29510.000000000000     
   4792.0000000000000        29638.000000000000     
   4796.0000000000000        29648.000000000000     
   4799.0000000000000        29697.000000000000     
   4802.0000000000000        29828.000000000000     
   4806.0000000000000        29836.000000000000     
   4809.0000000000000        29892.000000000000     
   4811.0000000000000        29941.000000000000     
   4815.0000000000000        30067.000000000000     
   4818.0000000000000        30062.000000000000     
   4821.0000000000000        30145.000000000000     
   4825.0000000000000        30200.000000000000     
   4828.0000000000000        30261.000000000000     
   4832.0000000000000        30357.000000000000     
   4835.0000000000000        30381.000000000000     
   4839.0000000000000        30457.000000000000     
   4842.0000000000000        30516.000000000000     
   4846.0000000000000        30572.000000000000     
   4849.0000000000000        30616.000000000000     
   4852.0000000000000        30703.000000000000     
   4856.0000000000000        30759.000000000000     
   4859.0000000000000        30811.000000000000     
   4861.0000000000000        30884.000000000000     
   4865.0000000000000        30924.000000000000     
   4868.0000000000000        30996.000000000000     
   4872.0000000000000        31074.000000000000     
   4875.0000000000000        31138.000000000000     
   4878.0000000000000        31187.000000000000     
   4882.0000000000000        31245.000000000000     
   4885.0000000000000        31301.000000000000     
   4889.0000000000000        31381.000000000000     
   4892.0000000000000        31429.000000000000     
   4896.0000000000000        31463.000000000000     
   4900.0000000000000        31558.000000000000     
   4903.0000000000000        31610.000000000000     
   4906.0000000000000        31720.000000000000     
   4910.0000000000000        31774.000000000000     
   4913.0000000000000        31836.000000000000     
   4917.0000000000000        31900.000000000000     
   4920.0000000000000        31958.000000000000     
   4922.0000000000000        31966.000000000000     
   4927.0000000000000        32049.000000000000     
   4929.0000000000000        32155.000000000000     
   4934.0000000000000        32228.000000000000     
   4936.0000000000000        32278.000000000000     
   4939.0000000000000        32341.000000000000     
   4943.0000000000000        32381.000000000000     
   4946.0000000000000        32422.000000000000     
   4950.0000000000000        32469.000000000000     
   4953.0000000000000        32564.000000000000     
   4957.0000000000000        32637.000000000000     
   4960.0000000000000        32691.000000000000     
   4964.0000000000000        32761.000000000000     
   4967.0000000000000        32820.000000000000     
   4971.0000000000000        32879.000000000000     
   4975.0000000000000        32923.000000000000     
   4978.0000000000000        33009.000000000000     
   4981.0000000000000        33065.000000000000     
   4985.0000000000000        33136.000000000000     
   4988.0000000000000        33181.000000000000     

 POLYNOMIAL REGRESSION OF DEGREE  1

C-----   INTERCEPT
      DATA RCPT/   -0.1544109837000698D+04/

C-----   REGRESSION COEFFICIENTS
      DATA D(1) /    0.4788797168351415D+01/

        ANALYSIS OF VARIANCE FOR   1  DEGREE POLYNOMIAL


 SOURCE OF VARIATION  DEGREE      SUM OF        MEAN          F    IMPROVEMENT
                        OF        SQUARES       SQUARE      VALUE  IN TERMS OF
                     FREEDOM                                       SUM OF SQUARE

 DUE TO REGRESSION     1    **************************   2891.93583*************
 DEVIATION ABOUT
        REGRESSION  1574    **************************
 TOTAL              1575    *************




 POLYNOMIAL REGRESSION OF DEGREE  2

C-----   INTERCEPT
      DATA RCPT/    0.1650153980993405D+05/

C-----   REGRESSION COEFFICIENTS
      DATA D(1) /   -0.1192956366998879D+02/
      DATA D(2) /    0.3054631996326984D-02/

        ANALYSIS OF VARIANCE FOR   2  DEGREE POLYNOMIAL


 SOURCE OF VARIATION  DEGREE      SUM OF        MEAN          F    IMPROVEMENT
                        OF        SQUARES       SQUARE      VALUE  IN TERMS OF
                     FREEDOM                                       SUM OF SQUARE

 DUE TO REGRESSION     2    **************************3019044.62898*************
 DEVIATION ABOUT
        REGRESSION  1573    *************  14595.95720
 TOTAL              1575    *************




 POLYNOMIAL REGRESSION OF DEGREE  3

C-----   INTERCEPT
      DATA RCPT/    0.1564747299242941D+05/

C-----   REGRESSION COEFFICIENTS
      DATA D(1) /   -0.1060771088585940D+02/
      DATA D(2) /    0.2501983122394449D-02/
      DATA D(3) /    0.6708378364956507D-07/

        ANALYSIS OF VARIANCE FOR   3  DEGREE POLYNOMIAL


 SOURCE OF VARIATION  DEGREE      SUM OF        MEAN          F    IMPROVEMENT
                        OF        SQUARES       SQUARE      VALUE  IN TERMS OF
                     FREEDOM                                       SUM OF SQUARE

 DUE TO REGRESSION     3    ****************************************************
 DEVIATION ABOUT
        REGRESSION  1572    3836296.92249   2440.39244
 TOTAL              1575    *************




 POLYNOMIAL REGRESSION OF DEGREE  4

C-----   INTERCEPT
      DATA RCPT/    0.1505979080046248D+05/

C-----   REGRESSION COEFFICIENTS
      DATA D(1) /   -0.9327851162133513D+01/
      DATA D(2) /    0.1626181513495338D-02/
      DATA D(3) /    0.3009742192628708D-06/
      DATA D(4) /   -0.2125858609721782D-10/

        ANALYSIS OF VARIANCE FOR   4  DEGREE POLYNOMIAL


 SOURCE OF VARIATION  DEGREE      SUM OF        MEAN          F    IMPROVEMENT
                        OF        SQUARES       SQUARE      VALUE  IN TERMS OF
                     FREEDOM                                       SUM OF SQUARE

 DUE TO REGRESSION     4    ***************************************2418689.68430
 DEVIATION ABOUT
        REGRESSION  1571    1417607.23819    902.35980
 TOTAL              1575    *************



