

 POLYNOMIAL REGRESSION.....SAMPLE

 NUMBER OF OBSERVATION,1576
 HIGHEST DEGREE   4
   5.3799999999999999        10.567000000000000     
   5.4100000000000001        10.545000000000000     
   5.4500000000000002        10.523000000000000     
   5.4800000000000004        10.500999999999999     
   5.5000000000000000        10.477000000000000     
   5.5400000000000000        10.456000000000000     
   5.5700000000000003        10.433000000000000     
   5.5899999999999999        10.411000000000000     
   5.6200000000000001        10.390000000000001     
   5.6500000000000004        10.369000000000000     
   5.6699999999999999        10.349000000000000     
   5.7000000000000002        10.329000000000001     
   5.7400000000000002        10.308000000000000     
   5.7599999999999998        10.287000000000001     
   5.7900000000000000        10.266000000000000     
   5.8300000000000001        10.243000000000000     
   5.8399999999999999        10.224000000000000     
   5.8700000000000001        10.202999999999999     
   5.9100000000000001        10.179000000000000     
   5.9400000000000004        10.160000000000000     
   5.9600000000000000        10.138000000000000     
   6.0000000000000000        10.118000000000000     
   6.0300000000000002        10.097000000000000     
   6.0499999999999998        10.074000000000000     
   6.0800000000000001        10.057000000000000     
   6.1100000000000003        10.031000000000001     
   6.1299999999999999        10.016000000000000     
   6.1600000000000001        9.9969999999999999     
   6.2000000000000002        9.9710000000000001     
   6.2300000000000004        9.9570000000000007     
   6.2500000000000000        9.9309999999999992     
   6.2800000000000002        9.9120000000000008     
   6.2999999999999998        9.8919999999999995     
   6.3300000000000001        9.8740000000000006     
   6.3700000000000001        9.8480000000000008     
   6.4000000000000004        9.8320000000000007     
   6.4199999999999999        9.8119999999999994     
   6.4500000000000002        9.7899999999999991     
   6.4800000000000004        9.7680000000000007     
   6.5000000000000000        9.7490000000000006     
   6.5400000000000000        9.7319999999999993     
   6.5700000000000003        9.7080000000000002     
   6.5899999999999999        9.6890000000000001     
   6.6200000000000001        9.6699999999999999     
   6.6600000000000001        9.6500000000000004     
   6.6699999999999999        9.6300000000000008     
   6.7000000000000002        9.6099999999999994     
   6.7400000000000002        9.5960000000000001     
   6.7599999999999998        9.5670000000000002     
   6.7900000000000000        9.5480000000000000     
   6.8300000000000001        9.5289999999999999     
   6.8399999999999999        9.5090000000000003     
   6.8700000000000001        9.4900000000000002     
   6.9100000000000001        9.4689999999999994     
   6.9400000000000004        9.4550000000000001     
   6.9600000000000000        9.4309999999999992     
   7.0000000000000000        9.4120000000000008     
   7.0099999999999998        9.3949999999999996     
   7.0400000000000000        9.3740000000000006     
   7.0800000000000001        9.3590000000000000     
   7.1100000000000003        9.3379999999999992     
   7.1299999999999999        9.3179999999999996     
   7.1600000000000001        9.3010000000000002     
   7.1900000000000004        9.2820000000000000     
   7.2100000000000000        9.2650000000000006     
   7.2500000000000000        9.2409999999999997     
   7.2800000000000002        9.2300000000000004     
   7.2999999999999998        9.2059999999999995     
   7.3300000000000001        9.1929999999999996     
   7.3600000000000003        9.1679999999999993     
   7.3799999999999999        9.1579999999999995     
   7.4100000000000001        9.1329999999999991     
   7.4500000000000002        9.1189999999999998     
   7.4800000000000004        9.0969999999999995     
   7.5000000000000000        9.0830000000000002     
   7.5300000000000002        9.0630000000000006     
   7.5499999999999998        9.0419999999999998     
   7.5800000000000001        9.0269999999999992     
   7.6200000000000001        9.0099999999999998     
   7.6500000000000004        8.9920000000000009     
   7.6600000000000001        8.9700000000000006     
   7.7000000000000002        8.9540000000000006     
   7.7300000000000004        8.9329999999999998     
   7.7500000000000000        8.9179999999999993     
   7.7900000000000000        8.9030000000000005     
   7.7999999999999998        8.8840000000000003     
   7.8300000000000001        8.8640000000000008     
   7.8700000000000001        8.8480000000000008     
   7.9000000000000004        8.8330000000000002     
   7.9199999999999999        8.8200000000000003     
   7.9500000000000002        8.7919999999999998     
   7.9800000000000004        8.7799999999999994     
   8.0000000000000000        8.7609999999999992     
   8.0299999999999994        8.7490000000000006     
   8.0700000000000003        8.7249999999999996     
   8.0899999999999999        8.7129999999999992     
   8.1099999999999994        8.6999999999999993     
   8.1500000000000004        8.6790000000000003     
   8.1699999999999999        8.6539999999999999     
   8.2100000000000009        8.6479999999999997     
   8.2400000000000002        8.6240000000000006     
   8.2500000000000000        8.6090000000000000     
   8.2799999999999994        8.5939999999999994     
   8.3200000000000003        8.5809999999999995     
   8.3399999999999999        8.5589999999999993     
   8.3800000000000008        8.5399999999999991     
   8.4000000000000004        8.5299999999999994     
   8.4199999999999999        8.5150000000000006     
   8.4600000000000009        8.4949999999999992     
   8.4900000000000002        8.4800000000000004     
   8.5099999999999998        8.4619999999999997     
   8.5299999999999994        8.4450000000000003     
   8.5700000000000003        8.4269999999999996     
   8.5899999999999999        8.4169999999999998     
   8.6300000000000008        8.3949999999999996     
   8.6500000000000004        8.3829999999999991     
   8.6699999999999999        8.3599999999999994     
   8.7100000000000009        8.3499999999999996     
   8.7400000000000002        8.3290000000000006     
   8.7599999999999998        8.3149999999999995     
   8.7799999999999994        8.2959999999999994     
   8.8200000000000003        8.2859999999999996     
   8.8399999999999999        8.2590000000000003     
   8.8800000000000008        8.2539999999999996     
   8.9100000000000001        8.2319999999999993     
   8.9199999999999999        8.2119999999999997     
   8.9600000000000009        8.1959999999999997     
   8.9900000000000002        8.1820000000000004     
   9.0099999999999998        8.1600000000000001     
   9.0299999999999994        8.1509999999999998     
   9.0700000000000003        8.1310000000000002     
   9.0899999999999999        8.1159999999999997     
   9.1300000000000008        8.0999999999999996     
   9.1600000000000001        8.0869999999999997     
   9.1699999999999999        8.0719999999999992     
   9.2100000000000009        8.0510000000000002     
   9.2400000000000002        8.0429999999999993     
   9.2599999999999998        8.0259999999999998     
   9.2799999999999994        8.0030000000000001     
   9.3200000000000003        7.9989999999999997     
   9.3399999999999999        7.9749999999999996     
   9.3800000000000008        7.9640000000000004     
   9.4000000000000004        7.9489999999999998     
   9.4199999999999999        7.9349999999999996     
   9.4600000000000009        7.9109999999999996     
   9.4900000000000002        7.9029999999999996     
   9.5099999999999998        7.8869999999999996     
   9.5299999999999994        7.8719999999999999     
   9.5700000000000003        7.8650000000000002     
   9.5899999999999999        7.8399999999999999     
   9.6300000000000008        7.8310000000000004     
   9.6500000000000004        7.8129999999999997     
   9.6699999999999999        7.7980000000000000     
   9.7100000000000009        7.7889999999999997     
   9.7400000000000002        7.7679999999999998     
   9.7500000000000000        7.7599999999999998     
   9.7799999999999994        7.7480000000000002     
   9.8200000000000003        7.7359999999999998     
   9.8399999999999999        7.7140000000000004     
   9.8800000000000008        7.7039999999999997     
   9.9000000000000004        7.6870000000000003     
   9.9199999999999999        7.6749999999999998     
   9.9600000000000009        7.6580000000000004     
   9.9900000000000002        7.6449999999999996     
   10.000000000000000        7.6310000000000002     
   10.029999999999999        7.6189999999999998     
   10.070000000000000        7.5999999999999996     
   10.090000000000000        7.5869999999999997     
   10.109999999999999        7.5810000000000004     
   10.150000000000000        7.5560000000000000     
   10.170000000000000        7.5490000000000004     
   10.210000000000001        7.5330000000000004     
   10.230000000000000        7.5190000000000001     
   10.250000000000000        7.5090000000000003     
   10.279999999999999        7.4880000000000004     
   10.320000000000000        7.4800000000000004     
   10.330000000000000        7.4690000000000003     
   10.359999999999999        7.4530000000000003     
   10.400000000000000        7.4400000000000004     
   10.420000000000000        7.4260000000000002     
   10.440000000000000        7.4080000000000004     
   10.480000000000000        7.3990000000000000     
   10.500000000000000        7.3910000000000000     
   10.529999999999999        7.3689999999999998     
   10.560000000000000        7.3579999999999997     
   10.580000000000000        7.3460000000000001     
   10.609999999999999        7.3350000000000000     
   10.650000000000000        7.3190000000000000     
   10.660000000000000        7.3079999999999998     
   10.690000000000000        7.2930000000000001     
   10.730000000000000        7.2740000000000000     
   10.750000000000000        7.2660000000000000     
   10.770000000000000        7.2539999999999996     
   10.810000000000000        7.2389999999999999     
   10.830000000000000        7.2240000000000002     
   10.850000000000000        7.2169999999999996     
   10.890000000000001        7.2009999999999996     
   10.910000000000000        7.1779999999999999     
   10.940000000000000        7.1749999999999998     
   10.970000000000001        7.1609999999999996     
   11.000000000000000        7.1479999999999997     
   11.020000000000000        7.1340000000000003     
   11.060000000000000        7.1200000000000001     
   11.080000000000000        7.1059999999999999     
   11.100000000000000        7.0979999999999999     
   11.140000000000001        7.0850000000000000     
   11.160000000000000        7.0640000000000001     
   11.180000000000000        6.9160000000000004     
   11.220000000000001        7.1740000000000004     
   11.250000000000000        7.0289999999999999     
   11.260000000000000        7.0080000000000000     
   11.300000000000001        7.0039999999999996     
   11.330000000000000        6.9909999999999997     
   11.350000000000000        6.9760000000000000     
   11.380000000000001        6.9580000000000002     
   11.410000000000000        6.9560000000000004     
   11.430000000000000        6.9320000000000004     
   11.460000000000001        6.9230000000000000     
   11.490000000000000        6.9109999999999996     
   11.510000000000000        6.9080000000000004     
   11.550000000000001        6.8890000000000002     
   11.570000000000000        6.8760000000000003     
   11.590000000000000        6.8659999999999997     
   11.630000000000001        6.8510000000000000     
   11.660000000000000        6.8369999999999997     
   11.670000000000000        6.8350000000000000     
   11.710000000000001        6.8159999999999998     
   11.740000000000000        6.8120000000000003     
   11.750000000000000        6.7910000000000004     
   11.779999999999999        6.7850000000000001     
   11.820000000000000        6.7729999999999997     
   11.840000000000000        6.7629999999999999     
   11.859999999999999        6.7469999999999999     
   11.900000000000000        6.7380000000000004     
   11.920000000000000        6.7240000000000002     
   11.940000000000000        6.7100000000000000     
   11.980000000000000        6.7030000000000003     
   12.000000000000000        6.6989999999999998     
   12.029999999999999        6.6749999999999998     
   12.060000000000000        6.6699999999999999     
   12.080000000000000        6.6639999999999997     
   12.109999999999999        6.6479999999999997     
   12.140000000000001        6.6410000000000000     
   12.160000000000000        6.6269999999999998     
   12.190000000000000        6.6159999999999997     
   12.230000000000000        6.5990000000000002     
   12.250000000000000        6.5979999999999999     
   12.270000000000000        6.5850000000000000     
   12.310000000000000        6.5670000000000002     
   12.330000000000000        6.5640000000000001     
   12.350000000000000        6.5540000000000003     
   12.390000000000001        6.5430000000000001     
   12.410000000000000        6.5309999999999997     
   12.430000000000000        6.5199999999999996     
   12.470000000000001        6.5160000000000000     
   12.500000000000000        6.4989999999999997     
   12.510000000000000        6.4920000000000000     
   12.550000000000001        6.4809999999999999     
   12.580000000000000        6.4690000000000003     
   12.600000000000000        6.4500000000000002     
   12.630000000000001        6.4509999999999996     
   12.660000000000000        6.4390000000000001     
   12.680000000000000        6.4260000000000002     
   12.710000000000001        6.4160000000000004     
   12.740000000000000        6.4070000000000000     
   12.760000000000000        6.3979999999999997     
   12.779999999999999        6.3869999999999996     
   12.820000000000000        6.3689999999999998     
   12.840000000000000        6.3689999999999998     
   12.880000000000001        6.3639999999999999     
   12.900000000000000        6.3350000000000000     
   12.920000000000000        6.3479999999999999     
   12.960000000000001        6.3280000000000003     
   12.980000000000000        6.3220000000000001     
   13.000000000000000        6.3070000000000004     
   13.029999999999999        6.2990000000000004     
   13.060000000000000        6.2969999999999997     
   13.080000000000000        6.2759999999999998     
   13.109999999999999        6.2759999999999998     
   13.150000000000000        6.2670000000000003     
   13.160000000000000        6.2519999999999998     
   13.190000000000000        6.2489999999999997     
   13.230000000000000        6.2279999999999998     
   13.250000000000000        6.2290000000000001     
   13.270000000000000        6.2080000000000002     
   13.310000000000000        6.2169999999999996     
   13.330000000000000        6.1970000000000001     
   13.350000000000000        6.1829999999999998     
   13.390000000000001        6.1820000000000004     
   13.410000000000000        6.1630000000000003     
   13.430000000000000        6.1719999999999997     
   13.470000000000001        6.1399999999999997     
   13.500000000000000        6.1399999999999997     
   13.510000000000000        6.1330000000000000     
   13.550000000000001        6.1550000000000002     
   13.580000000000000        6.1059999999999999     
   13.590000000000000        6.1040000000000001     
   13.630000000000001        6.0919999999999996     
   13.660000000000000        6.0770000000000000     
   13.670000000000000        6.0720000000000001     
   13.710000000000001        6.0800000000000001     
   13.740000000000000        6.0579999999999998     
   13.750000000000000        6.0540000000000003     
   13.779999999999999        6.0410000000000004     
   13.820000000000000        6.0330000000000004     
   13.830000000000000        6.0209999999999999     
   13.859999999999999        6.0179999999999998     
   13.900000000000000        6.0129999999999999     
   13.920000000000000        6.0060000000000002     
   13.940000000000000        5.9840000000000000     
   13.980000000000000        5.9889999999999999     
   14.000000000000000        5.9840000000000000     
   14.020000000000000        5.9580000000000002     
   14.060000000000000        5.9610000000000003     
   14.080000000000000        5.9520000000000000     
   14.100000000000000        5.9470000000000001     
   14.140000000000001        5.9390000000000001     
   14.160000000000000        5.9240000000000004     
   14.180000000000000        5.9249999999999998     
   14.220000000000001        5.9109999999999996     
   14.250000000000000        5.9109999999999996     
   14.260000000000000        5.8979999999999997     
   14.300000000000001        5.8840000000000003     
   14.330000000000000        5.8860000000000001     
   14.340000000000000        5.8769999999999998     
   14.380000000000001        5.8639999999999999     
   14.410000000000000        5.8670000000000000     
   14.420000000000000        5.8479999999999999     
   14.460000000000001        5.8510000000000000     
   14.490000000000000        5.8300000000000001     
   14.510000000000000        5.8350000000000000     
   14.529999999999999        5.8150000000000004     
   14.570000000000000        5.8209999999999997     
   14.580000000000000        5.8090000000000002     
   14.609999999999999        5.7990000000000004     
   14.650000000000000        5.8010000000000002     
   14.670000000000000        5.7839999999999998     
   14.690000000000000        5.7729999999999997     
   14.730000000000000        5.7699999999999996     
   14.750000000000000        5.7729999999999997     
   14.770000000000000        5.7519999999999998     
   14.810000000000000        5.7590000000000003     
   14.830000000000000        5.7439999999999998     
   14.850000000000000        5.7350000000000003     
   14.890000000000001        5.7380000000000004     
   14.910000000000000        5.7220000000000004     
   14.930000000000000        5.7149999999999999     
   14.970000000000001        5.7110000000000003     
   15.000000000000000        5.7030000000000003     
   15.010000000000000        5.7050000000000001     
   15.050000000000001        5.6810000000000000     
   15.080000000000000        5.6870000000000003     
   15.090000000000000        5.6719999999999997     
   15.130000000000001        5.6740000000000004     
   15.160000000000000        5.6719999999999997     
   15.170000000000000        5.6509999999999998     
   15.210000000000001        5.6420000000000003     
   15.240000000000000        5.6509999999999998     
   15.250000000000000        5.6269999999999998     
   15.279999999999999        5.6390000000000002     
   15.320000000000000        5.6180000000000003     
   15.330000000000000        5.6219999999999999     
   15.359999999999999        5.6100000000000003     
   15.400000000000000        5.6109999999999998     
   15.410000000000000        5.5949999999999998     
   15.440000000000000        5.5949999999999998     
   15.480000000000000        5.5800000000000001     
   15.500000000000000        5.5739999999999998     
   15.520000000000000        5.5800000000000001     
   15.560000000000000        5.5679999999999996     
   15.580000000000000        5.5679999999999996     
   15.600000000000000        5.5480000000000000     
   15.640000000000001        5.5469999999999997     
   15.660000000000000        5.5499999999999998     
   15.680000000000000        5.5380000000000003     
   15.720000000000001        5.5350000000000001     
   15.740000000000000        5.5380000000000003     
   15.760000000000000        5.5170000000000003     
   15.800000000000001        5.5080000000000000     
   15.820000000000000        5.5199999999999996     
   15.840000000000000        5.5030000000000001     
   15.880000000000001        5.4930000000000003     
   15.900000000000000        5.5030000000000001     
   15.920000000000000        5.4820000000000002     
   15.960000000000001        5.4880000000000004     
   15.980000000000000        5.4760000000000000     
   16.010000000000002        5.4649999999999999     
   16.030000000000001        5.4749999999999996     
   16.050000000000001        5.4550000000000001     
   16.079999999999998        5.4669999999999996     
   16.120000000000001        5.4050000000000002     
   16.140000000000001        5.4189999999999996     
   16.170000000000002        5.4150000000000000     
   16.190000000000001        5.4100000000000001     
   16.210000000000001        5.4100000000000001     
   16.250000000000000        5.4089999999999998     
   16.260000000000002        5.4039999999999999     
   16.300000000000001        5.2389999999999999     
   16.320000000000000        5.2290000000000001     
   16.350000000000001        5.2599999999999998     
   16.370000000000001        5.2080000000000002     
   16.410000000000000        5.2290000000000001     
   16.420000000000002        5.1769999999999996     
   16.460000000000001        5.2500000000000000     
   16.480000000000000        5.1669999999999998     
   16.510000000000002        5.1870000000000003     
   16.530000000000001        5.1870000000000003     
   16.570000000000000        5.2500000000000000     
   16.579999999999998        5.1870000000000003     
   16.620000000000001        5.1870000000000003     
   16.640000000000001        5.2389999999999999     
   16.670000000000002        5.2180000000000000     
   16.690000000000001        5.1980000000000004     
   16.730000000000000        5.2290000000000001     
   16.750000000000000        5.2340000000000000     
   16.780000000000001        5.2340000000000000     
   16.800000000000001        5.2229999999999999     
   16.820000000000000        5.2180000000000000     
   16.850000000000001        5.2080000000000002     
   16.890000000000001        5.1719999999999997     
   16.910000000000000        5.1660000000000004     
   16.940000000000001        5.1730000000000000     
   16.960000000000001        5.1349999999999998     
   16.980000000000000        5.1349999999999998     
   17.010000000000002        5.2080000000000002     
   17.030000000000001        5.1250000000000000     
   17.070000000000000        5.0930000000000000     
   17.100000000000001        5.0620000000000003     
   17.120000000000001        5.1669999999999998     
   17.140000000000001        5.1040000000000001     
   17.170000000000002        5.0620000000000003     
   17.190000000000001        5.1040000000000001     
   17.230000000000000        5.0830000000000002     
   17.260000000000002        5.1250000000000000     
   17.280000000000001        5.0620000000000003     
   17.300000000000001        5.0830000000000002     
   17.329999999999998        5.0620000000000003     
   17.350000000000001        5.0620000000000003     
   17.390000000000001        5.1250000000000000     
   17.420000000000002        5.0620000000000003     
   17.440000000000001        5.0419999999999998     
   17.460000000000001        5.0000000000000000     
   17.500000000000000        5.0620000000000003     
   17.510000000000002        5.1040000000000001     
   17.550000000000001        5.0620000000000003     
   17.570000000000000        5.0419999999999998     
   17.600000000000001        5.0209999999999999     
   17.620000000000001        5.0620000000000003     
   17.640000000000001        5.1250000000000000     
   17.670000000000002        5.0419999999999998     
   17.710000000000001        5.0419999999999998     
   17.730000000000000        5.0620000000000003     
   17.760000000000002        5.0419999999999998     
   17.780000000000001        5.0419999999999998     
   17.800000000000001        5.0720000000000001     
   17.829999999999998        5.0620000000000003     
   17.870000000000001        5.0410000000000004     
   17.890000000000001        5.0709999999999997     
   17.920000000000002        5.1369999999999996     
   17.940000000000001        5.1239999999999997     
   17.960000000000001        5.1090000000000000     
   18.000000000000000        5.0960000000000001     
   18.010000000000002        5.0860000000000003     
   18.050000000000001        5.0789999999999997     
   18.070000000000000        5.0700000000000003     
   18.100000000000001        5.0629999999999997     
   18.120000000000001        5.0549999999999997     
   18.160000000000000        5.0499999999999998     
   18.170000000000002        5.0419999999999998     
   18.210000000000001        5.0359999999999996     
   18.230000000000000        5.0289999999999999     
   18.260000000000002        5.0229999999999997     
   18.280000000000001        5.0190000000000001     
   18.320000000000000        5.0119999999999996     
   18.329999999999998        5.0080000000000000     
   18.370000000000001        5.0039999999999996     
   18.390000000000001        4.9950000000000001     
   18.420000000000002        4.9880000000000004     
   18.440000000000001        4.9809999999999999     
   18.460000000000001        4.9760000000000000     
   18.500000000000000        4.9699999999999998     
   18.530000000000001        4.9660000000000002     
   18.550000000000001        4.9640000000000004     
   18.570000000000000        4.9619999999999997     
   18.600000000000001        4.9600000000000000     
   18.620000000000001        4.9589999999999996     
   18.660000000000000        4.9560000000000004     
   18.690000000000001        4.9550000000000001     
   18.710000000000001        4.9539999999999997     
   18.730000000000000        4.9530000000000003     
   18.760000000000002        4.9520000000000000     
   18.780000000000001        4.9489999999999998     
   18.820000000000000        4.9489999999999998     
   18.829999999999998        4.9470000000000001     
   18.870000000000001        4.9459999999999997     
   18.890000000000001        4.9450000000000003     
   18.920000000000002        4.9440000000000000     
   18.940000000000001        4.9429999999999996     
   18.980000000000000        4.9420000000000002     
   19.000000000000000        4.9409999999999998     
   19.030000000000001        4.9400000000000004     
   19.050000000000001        4.9400000000000004     
   19.070000000000000        4.9390000000000001     
   19.100000000000001        4.9379999999999997     
   19.120000000000001        4.9370000000000003     
   19.160000000000000        4.9359999999999999     
   19.190000000000001        4.9370000000000003     
   19.210000000000001        4.9370000000000003     
   19.230000000000000        4.9359999999999999     
   19.260000000000002        4.9349999999999996     
   19.280000000000001        4.9329999999999998     
   19.320000000000000        4.9340000000000002     
   19.350000000000001        4.9340000000000002     
   19.370000000000001        4.9340000000000002     
   19.390000000000001        4.9349999999999996     
   19.420000000000002        4.9329999999999998     
   19.440000000000001        4.9340000000000002     
   19.480000000000000        4.9320000000000004     
   19.500000000000000        4.9329999999999998     
   19.530000000000001        4.9320000000000004     
   19.550000000000001        4.9320000000000004     
   19.570000000000000        4.9320000000000004     
   19.600000000000001        4.9320000000000004     
   19.640000000000001        4.9320000000000004     
   19.660000000000000        4.9320000000000004     
   19.690000000000001        4.9320000000000004     
   19.710000000000001        4.9320000000000004     
   19.730000000000000        4.9329999999999998     
   19.760000000000002        4.9329999999999998     
   19.780000000000001        4.9340000000000002     
   19.820000000000000        4.9340000000000002     
   19.850000000000001        4.9329999999999998     
   19.870000000000001        4.9349999999999996     
   19.890000000000001        4.9349999999999996     
   19.920000000000002        4.9340000000000002     
   19.940000000000001        4.9359999999999999     
   19.980000000000000        4.9370000000000003     
   20.010000000000002        4.9370000000000003     
   20.030000000000001        4.9379999999999997     
   20.050000000000001        4.9390000000000001     
   20.079999999999998        4.9400000000000004     
   20.100000000000001        4.9400000000000004     
   20.140000000000001        4.9409999999999998     
   20.160000000000000        4.9420000000000002     
   20.190000000000001        4.9429999999999996     
   20.210000000000001        4.9420000000000002     
   20.230000000000000        4.9450000000000003     
   20.260000000000002        4.9459999999999997     
   20.300000000000001        4.9470000000000001     
   20.320000000000000        4.9480000000000004     
   20.350000000000001        4.9489999999999998     
   20.370000000000001        4.9500000000000002     
   20.390000000000001        4.9509999999999996     
   20.420000000000002        4.9520000000000000     
   20.440000000000001        4.9539999999999997     
   20.480000000000000        4.9560000000000004     
   20.510000000000002        4.9560000000000004     
   20.530000000000001        4.9580000000000002     
   20.550000000000001        4.9600000000000000     
   20.579999999999998        4.9619999999999997     
   20.600000000000001        4.9630000000000001     
   20.640000000000001        4.9649999999999999     
   20.670000000000002        4.9660000000000002     
   20.690000000000001        4.9680000000000000     
   20.710000000000001        4.9699999999999998     
   20.750000000000000        4.9720000000000004     
   20.760000000000002        4.9729999999999999     
   20.800000000000001        4.9760000000000000     
   20.820000000000000        4.9779999999999998     
   20.850000000000001        4.9790000000000001     
   20.870000000000001        4.9820000000000002     
   20.890000000000001        4.9820000000000002     
   20.920000000000002        4.9850000000000003     
   20.960000000000001        4.9880000000000004     
   20.980000000000000        4.9889999999999999     
   21.010000000000002        4.9900000000000002     
   21.030000000000001        4.9950000000000001     
   21.050000000000001        4.9950000000000001     
   21.079999999999998        5.0000000000000000     
   21.100000000000001        4.9989999999999997     
   21.140000000000001        5.0010000000000003     
   21.170000000000002        5.0049999999999999     
   21.190000000000001        5.0069999999999997     
   21.210000000000001        5.0099999999999998     
   21.250000000000000        5.0140000000000002     
   21.260000000000002        5.0160000000000000     
   21.300000000000001        5.0190000000000001     
   21.320000000000000        5.0220000000000002     
   21.350000000000001        5.0240000000000000     
   21.370000000000001        5.0270000000000001     
   21.390000000000001        5.0289999999999999     
   21.420000000000002        5.0330000000000004     
   21.460000000000001        5.0350000000000001     
   21.480000000000000        5.0359999999999996     
   21.510000000000002        5.0400000000000000     
   21.530000000000001        5.0439999999999996     
   21.550000000000001        5.0469999999999997     
   21.579999999999998        5.0490000000000004     
   21.620000000000001        5.0529999999999999     
   21.640000000000001        5.0529999999999999     
   21.670000000000002        5.0590000000000002     
   21.690000000000001        5.0609999999999999     
   21.710000000000001        5.0640000000000001     
   21.750000000000000        5.0690000000000000     
   21.760000000000002        5.0730000000000004     
   21.800000000000001        5.0750000000000002     
   21.820000000000000        5.0800000000000001     
   21.850000000000001        5.0830000000000002     
   21.870000000000001        5.0860000000000003     
   21.910000000000000        5.0899999999999999     
   21.920000000000002        5.0949999999999998     
   21.960000000000001        5.0970000000000004     
   21.980000000000000        5.1010000000000000     
   22.010000000000002        5.1050000000000004     
   22.030000000000001        5.1100000000000003     
   22.050000000000001        5.1109999999999998     
   22.079999999999998        5.1139999999999999     
   22.120000000000001        5.1189999999999998     
   22.140000000000001        5.1230000000000002     
   22.170000000000002        5.1250000000000000     
   22.190000000000001        5.1310000000000002     
   22.210000000000001        5.1340000000000003     
   22.250000000000000        5.1379999999999999     
   22.280000000000001        5.1420000000000003     
   22.300000000000001        5.1459999999999999     
   22.320000000000000        5.1500000000000004     
   22.350000000000001        5.1539999999999999     
   22.370000000000001        5.1570000000000000     
   22.410000000000000        5.1650000000000000     
   22.420000000000002        5.1650000000000000     
   22.460000000000001        5.1730000000000000     
   22.480000000000000        5.1760000000000002     
   22.510000000000002        5.1820000000000004     
   22.530000000000001        5.1849999999999996     
   22.570000000000000        5.1900000000000004     
   22.579999999999998        5.1959999999999997     
   22.620000000000001        5.2000000000000002     
   22.640000000000001        5.2039999999999997     
   22.670000000000002        5.2089999999999996     
   22.690000000000001        5.2149999999999999     
   22.730000000000000        5.2190000000000003     
   22.750000000000000        5.2240000000000002     
   22.780000000000001        5.2279999999999998     
   22.800000000000001        5.2320000000000002     
   22.820000000000000        5.2380000000000004     
   22.850000000000001        5.2430000000000003     
   22.870000000000001        5.2469999999999999     
   22.910000000000000        5.2530000000000001     
   22.940000000000001        5.2569999999999997     
   22.960000000000001        5.2629999999999999     
   22.980000000000000        5.2679999999999998     
   23.010000000000002        5.2720000000000002     
   23.030000000000001        5.2789999999999999     
   23.070000000000000        5.2820000000000000     
   23.100000000000001        5.2869999999999999     
   23.120000000000001        5.2949999999999999     
   23.140000000000001        5.2980000000000000     
   23.170000000000002        5.3040000000000003     
   23.190000000000001        5.3090000000000002     
   23.230000000000000        5.3159999999999998     
   23.250000000000000        5.3220000000000001     
   23.280000000000001        5.3250000000000002     
   23.300000000000001        5.3330000000000002     
   23.320000000000000        5.3380000000000001     
   23.350000000000001        5.3440000000000003     
   23.390000000000001        5.3499999999999996     
   23.410000000000000        5.3570000000000002     
   23.440000000000001        5.3630000000000004     
   23.460000000000001        5.3719999999999999     
   23.480000000000000        5.3730000000000002     
   23.510000000000002        5.3819999999999997     
   23.550000000000001        5.3869999999999996     
   23.570000000000000        5.3920000000000003     
   23.600000000000001        5.3990000000000000     
   23.620000000000001        5.4059999999999997     
   23.640000000000001        5.4119999999999999     
   23.670000000000002        5.4180000000000001     
   23.690000000000001        5.4240000000000004     
   23.730000000000000        5.4299999999999997     
   23.760000000000002        5.4349999999999996     
   23.780000000000001        5.4450000000000003     
   23.800000000000001        5.4480000000000004     
   23.829999999999998        5.4550000000000001     
   23.850000000000001        5.4610000000000003     
   23.890000000000001        5.4690000000000003     
   23.920000000000002        5.4720000000000004     
   23.940000000000001        5.4809999999999999     
   23.960000000000001        5.4880000000000004     
   24.000000000000000        5.4920000000000000     
   24.010000000000002        5.5030000000000001     
   24.050000000000001        5.5080000000000000     
   24.070000000000000        5.5170000000000003     
   24.100000000000001        5.5209999999999999     
   24.120000000000001        5.5289999999999999     
   24.140000000000001        5.5380000000000003     
   24.170000000000002        5.5419999999999998     
   24.210000000000001        5.5529999999999999     
   24.230000000000000        5.5579999999999998     
   24.260000000000002        5.5650000000000004     
   24.280000000000001        5.5739999999999998     
   24.300000000000001        5.5810000000000004     
   24.329999999999998        5.5869999999999997     
   24.370000000000001        5.5970000000000004     
   24.390000000000001        5.6040000000000001     
   24.420000000000002        5.6100000000000003     
   24.440000000000001        5.6150000000000002     
   24.460000000000001        5.6280000000000001     
   24.500000000000000        5.6310000000000002     
   24.530000000000001        5.6440000000000001     
   24.550000000000001        5.6479999999999997     
   24.570000000000000        5.6580000000000004     
   24.600000000000001        5.6619999999999999     
   24.620000000000001        5.6710000000000003     
   24.660000000000000        5.6779999999999999     
   24.670000000000002        5.6870000000000003     
   24.710000000000001        5.6959999999999997     
   24.730000000000000        5.7020000000000000     
   24.760000000000002        5.7110000000000003     
   24.780000000000001        5.7190000000000003     
   24.820000000000000        5.7260000000000000     
   24.829999999999998        5.7350000000000003     
   24.870000000000001        5.7430000000000003     
   24.890000000000001        5.7510000000000003     
   24.920000000000002        5.7539999999999996     
   24.940000000000001        5.7670000000000003     
   24.980000000000000        5.7720000000000002     
   25.000000000000000        5.7820000000000000     
   25.030000000000001        5.7889999999999997     
   25.050000000000001        5.7980000000000000     
   25.070000000000000        5.8090000000000002     
   25.100000000000001        5.8150000000000004     
   25.140000000000001        5.8230000000000004     
   25.160000000000000        5.8319999999999999     
   25.190000000000001        5.8399999999999999     
   25.210000000000001        5.8479999999999999     
   25.230000000000000        5.8590000000000000     
   25.260000000000002        5.8670000000000000     
   25.300000000000001        5.8780000000000001     
   25.320000000000000        5.8860000000000001     
   25.350000000000001        5.8940000000000001     
   25.370000000000001        5.9050000000000002     
   25.390000000000001        5.9119999999999999     
   25.420000000000002        5.9210000000000003     
   25.460000000000001        5.9340000000000002     
   25.480000000000000        5.9340000000000002     
   25.510000000000002        5.9520000000000000     
   25.530000000000001        5.9589999999999996     
   25.550000000000001        5.9669999999999996     
   25.579999999999998        5.9760000000000000     
   25.620000000000001        5.9859999999999998     
   25.640000000000001        5.9960000000000004     
   25.670000000000002        6.0030000000000001     
   25.690000000000001        6.0140000000000002     
   25.710000000000001        6.0250000000000004     
   25.750000000000000        6.0350000000000001     
   25.780000000000001        6.0419999999999998     
   25.800000000000001        6.0549999999999997     
   25.820000000000000        6.0609999999999999     
   25.850000000000001        6.0709999999999997     
   25.870000000000001        6.0810000000000004     
   25.910000000000000        6.0910000000000002     
   25.920000000000002        6.1040000000000001     
   25.960000000000001        6.1159999999999997     
   25.980000000000000        6.1230000000000002     
   26.010000000000002        6.1349999999999998     
   26.030000000000001        6.1459999999999999     
   26.070000000000000        6.1550000000000002     
   26.079999999999998        6.1660000000000004     
   26.120000000000001        6.1719999999999997     
   26.140000000000001        6.1849999999999996     
   26.170000000000002        6.1920000000000002     
   26.190000000000001        6.2039999999999997     
   26.230000000000000        6.2119999999999997     
   26.260000000000002        6.2260000000000000     
   26.280000000000001        6.2370000000000001     
   26.300000000000001        6.2480000000000002     
   26.320000000000000        6.2580000000000000     
   26.350000000000001        6.2649999999999997     
   26.390000000000001        6.2809999999999997     
   26.420000000000002        6.2900000000000000     
   26.440000000000001        6.2999999999999998     
   26.460000000000001        6.3099999999999996     
   26.500000000000000        6.3220000000000001     
   26.510000000000002        6.3310000000000004     
   26.550000000000001        6.3380000000000001     
   26.570000000000000        6.3510000000000000     
   26.600000000000001        6.3650000000000002     
   26.620000000000001        6.3739999999999997     
   26.660000000000000        6.3869999999999996     
   26.670000000000002        6.3949999999999996     
   26.710000000000001        6.4080000000000004     
   26.730000000000000        6.4210000000000003     
   26.760000000000002        6.4320000000000004     
   26.780000000000001        6.4400000000000004     
   26.820000000000000        6.4520000000000000     
   26.829999999999998        6.4619999999999997     
   26.870000000000001        6.4760000000000000     
   26.890000000000001        6.4850000000000003     
   26.920000000000002        6.4980000000000002     
   26.940000000000001        6.5099999999999998     
   26.980000000000000        6.5229999999999997     
   27.000000000000000        6.5339999999999998     
   27.030000000000001        6.5469999999999997     
   27.050000000000001        6.5570000000000004     
   27.070000000000000        6.5650000000000004     
   27.100000000000001        6.5800000000000001     
   27.140000000000001        6.5910000000000002     
   27.160000000000000        6.6040000000000001     
   27.190000000000001        6.6200000000000001     
   27.210000000000001        6.6269999999999998     
   27.230000000000000        6.6399999999999997     
   27.260000000000002        6.6509999999999998     
   27.300000000000001        6.6630000000000003     
   27.320000000000000        6.6769999999999996     
   27.350000000000001        6.6900000000000004     
   27.370000000000001        6.7000000000000002     
   27.410000000000000        6.7149999999999999     
   27.420000000000002        6.7279999999999998     
   27.460000000000001        6.7380000000000004     
   27.480000000000000        6.7530000000000001     
   27.510000000000002        6.7649999999999997     
   27.530000000000001        6.7779999999999996     
   27.570000000000000        6.7869999999999999     
   27.579999999999998        6.7990000000000004     
   27.620000000000001        6.8159999999999998     
   27.640000000000001        6.8280000000000003     
   27.670000000000002        6.8399999999999999     
   27.690000000000001        6.8559999999999999     
   27.730000000000000        6.8650000000000002     
   27.750000000000000        6.8789999999999996     
   27.780000000000001        6.8929999999999998     
   27.800000000000001        6.9070000000000000     
   27.820000000000000        6.9199999999999999     
   27.850000000000001        6.9349999999999996     
   27.890000000000001        6.9440000000000000     
   27.920000000000002        6.9589999999999996     
   27.940000000000001        6.9740000000000002     
   27.960000000000001        6.9880000000000004     
   28.000000000000000        7.0019999999999998     
   28.010000000000002        7.0090000000000003     
   28.050000000000001        7.0259999999999998     
   28.070000000000000        7.0419999999999998     
   28.100000000000001        7.0560000000000000     
   28.120000000000001        7.0629999999999997     
   28.160000000000000        7.0789999999999997     
   28.170000000000002        7.0910000000000002     
   28.210000000000001        7.1040000000000001     
   28.230000000000000        7.1230000000000002     
   28.260000000000002        7.1379999999999999     
   28.280000000000001        7.1479999999999997     
   28.320000000000000        7.1660000000000004     
   28.350000000000001        7.1779999999999999     
   28.370000000000001        7.1959999999999997     
   28.390000000000001        7.2030000000000003     
   28.420000000000002        7.2240000000000002     
   28.440000000000001        7.2380000000000004     
   28.480000000000000        7.2480000000000002     
   28.510000000000002        7.2649999999999997     
   28.530000000000001        7.2800000000000002     
   28.550000000000001        7.2930000000000001     
   28.579999999999998        7.3060000000000000     
   28.620000000000001        7.3200000000000003     
   28.640000000000001        7.3339999999999996     
   28.670000000000002        7.3550000000000004     
   28.690000000000001        7.3650000000000002     
   28.710000000000001        7.3789999999999996     
   28.750000000000000        7.3899999999999997     
   28.780000000000001        7.4109999999999996     
   28.800000000000001        7.4260000000000002     
   28.820000000000000        7.4420000000000002     
   28.850000000000001        7.4509999999999996     
   28.890000000000001        7.4690000000000003     
   28.910000000000000        7.4820000000000002     
   28.940000000000001        7.4989999999999997     
   28.960000000000001        7.5149999999999997     
   28.980000000000000        7.5259999999999998     
   29.010000000000002        7.5469999999999997     
   29.050000000000001        7.5560000000000000     
   29.070000000000000        7.5690000000000000     
   29.100000000000001        7.5880000000000001     
   29.120000000000001        7.6050000000000004     
   29.160000000000000        7.6230000000000002     
   29.170000000000002        7.6379999999999999     
   29.210000000000001        7.6500000000000004     
   29.230000000000000        7.6639999999999997     
   29.260000000000002        7.6790000000000003     
   29.280000000000001        7.6980000000000004     
   29.320000000000000        7.7130000000000001     
   29.350000000000001        7.7270000000000003     
   29.370000000000001        7.7439999999999998     
   29.390000000000001        7.7619999999999996     
   29.420000000000002        7.7750000000000004     
   29.440000000000001        7.7919999999999998     
   29.480000000000000        7.8099999999999996     
   29.510000000000002        7.8300000000000001     
   29.530000000000001        7.8390000000000004     
   29.550000000000001        7.8550000000000004     
   29.579999999999998        7.8700000000000001     
   29.620000000000001        7.8910000000000000     
   29.640000000000001        7.9050000000000002     
   29.670000000000002        7.9269999999999996     
   29.690000000000001        7.9390000000000001     
   29.710000000000001        7.9520000000000000     
   29.750000000000000        7.9760000000000000     
   29.780000000000001        7.9889999999999999     
   29.800000000000001        8.0060000000000002     
   29.820000000000000        8.0280000000000005     
   29.850000000000001        8.0389999999999997     
   29.890000000000001        8.0579999999999998     
   29.920000000000002        8.0730000000000004     
   29.940000000000001        8.0899999999999999     
   29.960000000000001        8.1090000000000000     
   30.000000000000000        8.1189999999999998     
   30.010000000000002        8.1389999999999993     
   30.050000000000001        8.1620000000000008     
   30.070000000000000        8.1699999999999999     
   30.100000000000001        8.1910000000000007     
   30.120000000000001        8.2059999999999995     
   30.160000000000000        8.2300000000000004     
   30.190000000000001        8.2390000000000008     
   30.210000000000001        8.2560000000000002     
   30.230000000000000        8.2820000000000000     
   30.260000000000002        8.2949999999999999     
   30.300000000000001        8.3119999999999994     
   30.320000000000000        8.3270000000000000     
   30.350000000000001        8.3460000000000001     
   30.370000000000001        8.3620000000000001     
   30.410000000000000        8.3789999999999996     
   30.420000000000002        8.3970000000000002     
   30.460000000000001        8.4169999999999998     
   30.480000000000000        8.4299999999999997     
   30.510000000000002        8.4510000000000005     
   30.530000000000001        8.4670000000000005     
   30.570000000000000        8.4870000000000001     
   30.600000000000001        8.5050000000000008     
   30.620000000000001        8.5299999999999994     
   30.640000000000001        8.5440000000000005     
   30.670000000000002        8.5619999999999994     
   30.710000000000001        8.5809999999999995     
   30.730000000000000        8.5990000000000002     
   30.760000000000002        8.6170000000000009     
   30.780000000000001        8.6410000000000000     
   30.820000000000000        8.6560000000000006     
   30.829999999999998        8.6760000000000002     
   30.870000000000001        8.6899999999999995     
   30.890000000000001        8.7089999999999996     
   30.920000000000002        8.7279999999999998     
   30.940000000000001        8.7509999999999994     
   30.980000000000000        8.7720000000000002     
   31.010000000000002        8.7810000000000006     
   31.030000000000001        8.8019999999999996     
   31.050000000000001        8.8270000000000000     
   31.079999999999998        8.8439999999999994     
   31.120000000000001        8.8629999999999995     
   31.140000000000001        8.8789999999999996     
   31.170000000000002        8.9000000000000004     
   31.190000000000001        8.9169999999999998     
   31.230000000000000        8.9369999999999994     
   31.250000000000000        8.9589999999999996     
   31.280000000000001        8.9800000000000004     
   31.300000000000001        8.9979999999999993     
   31.329999999999998        9.0250000000000004     
   31.350000000000001        9.0410000000000004     
   31.390000000000001        9.0530000000000008     
   31.420000000000002        9.0719999999999992     
   31.440000000000001        9.0930000000000000     
   31.460000000000001        9.1110000000000007     
   31.500000000000000        9.1370000000000005     
   31.530000000000001        9.1539999999999999     
   31.550000000000001        9.1699999999999999     
   31.570000000000000        9.1829999999999998     
   31.600000000000001        9.2119999999999997     
   31.640000000000001        9.2300000000000004     
   31.670000000000002        9.2539999999999996     
   31.690000000000001        9.2699999999999996     
   31.710000000000001        9.2929999999999993     
   31.750000000000000        9.3059999999999992     
   31.780000000000001        9.3309999999999995     
   31.800000000000001        9.3520000000000003     
   31.820000000000000        9.3620000000000001     
   31.850000000000001        9.3859999999999992     
   31.890000000000001        9.4079999999999995     
   31.910000000000000        9.4280000000000008     
   31.940000000000001        9.4469999999999992     
   31.960000000000001        9.4749999999999996     
   32.000000000000000        9.4930000000000003     
   32.020000000000003        9.5069999999999997     
   32.039999999999999        9.5299999999999994     
   32.070000000000000        9.5530000000000008     
   32.100000000000001        9.5770000000000000     
   32.130000000000003        9.5950000000000006     
   32.149999999999999        9.6229999999999993     
   32.180000000000000        9.6440000000000001     
   32.210000000000001        9.6590000000000007     
   32.240000000000002        9.6799999999999997     
   32.270000000000003        9.6999999999999993     
   32.289999999999999        9.7210000000000001     
   32.320000000000000        9.7460000000000004     
   32.350000000000001        9.7629999999999999     
   32.380000000000003        9.7880000000000003     
   32.399999999999999        9.8140000000000001     
   32.430000000000000        9.8379999999999992     
   32.460000000000001        9.8490000000000002     
   32.490000000000002        9.8740000000000006     
   32.520000000000003        9.8970000000000002     
   32.539999999999999        9.9190000000000005     
   32.570000000000000        9.9380000000000006     
   32.600000000000001        9.9619999999999997     
   32.630000000000003        9.9789999999999992     
   32.649999999999999        10.010000000000000     
   32.680000000000000        10.032000000000000     
   32.710000000000001        10.051000000000000     
   32.740000000000002        10.071000000000000     
   32.770000000000003        10.095000000000001     
   32.789999999999999        10.117000000000001     
   32.820000000000000        10.138999999999999     
   32.850000000000001        10.161000000000000     
   32.880000000000003        10.193000000000000     
   32.899999999999999        10.217000000000001     
   32.930000000000000        10.228999999999999     
   32.960000000000001        10.259000000000000     
   32.990000000000002        10.276999999999999     
   33.020000000000003        10.300000000000001     
   33.039999999999999        10.320000000000000     
   33.070000000000000        10.346000000000000     
   33.100000000000001        10.371000000000000     
   33.130000000000003        10.393000000000001     
   33.149999999999999        10.409000000000001     
   33.180000000000000        10.430000000000000     
   33.210000000000001        10.459000000000000     
   33.240000000000002        10.487000000000000     
   33.270000000000003        10.503000000000000     
   33.289999999999999        10.529999999999999     
   33.320000000000000        10.550000000000001     
   33.350000000000001        10.577999999999999     
   33.380000000000003        10.602000000000000     
   33.399999999999999        10.630000000000001     
   33.430000000000000        10.648999999999999     
   33.460000000000001        10.666000000000000     
   33.490000000000002        10.695000000000000     
   33.520000000000003        10.722000000000000     
   33.539999999999999        10.734999999999999     
   33.570000000000000        10.765000000000001     
   33.600000000000001        10.795000000000000     
   33.630000000000003        10.804000000000000     
   33.649999999999999        10.836000000000000     
   33.680000000000000        10.859999999999999     
   33.710000000000001        10.880000000000001     
   33.750000000000000        10.904999999999999     
   33.770000000000003        10.935000000000000     
   33.789999999999999        10.960000000000001     
   33.820000000000000        10.977000000000000     
   33.850000000000001        11.002000000000001     
   33.890000000000001        11.041000000000000     
   33.899999999999999        11.055000000000000     
   33.930000000000000        11.081000000000000     
   33.960000000000001        11.102000000000000     
   34.000000000000000        11.128000000000000     
   34.030000000000001        11.157999999999999     
   34.039999999999999        11.180000000000000     
   34.070000000000000        11.211000000000000     
   34.100000000000001        11.230000000000000     
   34.140000000000001        11.260999999999999     
   34.170000000000002        11.279999999999999     
   34.180000000000000        11.315000000000000     
   34.210000000000001        11.340999999999999     
   34.250000000000000        11.356000000000000     
   34.280000000000001        11.379000000000000     
   34.310000000000002        11.404999999999999     
   34.320000000000000        11.429000000000000     
   34.350000000000001        11.461000000000000     
   34.390000000000001        11.481999999999999     
   34.420000000000002        11.510000000000000     
   34.450000000000003        11.548000000000000     
   34.469999999999999        11.566000000000001     
   34.500000000000000        11.597000000000000     
   34.530000000000001        11.614000000000001     
   34.560000000000002        11.645000000000000     
   34.590000000000003        11.664000000000000     
   34.609999999999999        11.685000000000000     
   34.640000000000001        11.715000000000000     
   34.670000000000002        11.749000000000001     
   34.700000000000003        11.772000000000000     
   34.719999999999999        11.798000000000000     
   34.750000000000000        11.821000000000000     
   34.780000000000001        11.859999999999999     
   34.810000000000002        11.875000000000000     
   34.840000000000003        11.907999999999999     
   34.859999999999999        11.936999999999999     
   34.890000000000001        11.955000000000000     
   34.920000000000002        11.990000000000000     
   34.960000000000001        12.018000000000001     
   34.969999999999999        12.034000000000001     
   35.000000000000000        12.061999999999999     
   35.030000000000001        12.085000000000001     
   35.070000000000000        12.124000000000001     
   35.100000000000001        12.132999999999999     
   35.109999999999999        12.166000000000000     
   35.140000000000001        12.185000000000000     
   35.170000000000002        12.222000000000000     
   35.210000000000001        12.239000000000001     
   35.240000000000002        12.272000000000000     
   35.270000000000003        12.300000000000001     
   35.289999999999999        12.321000000000000     
   35.320000000000000        12.359000000000000     
   35.350000000000001        12.378000000000000     
   35.380000000000003        12.414000000000000     
   35.399999999999999        12.438000000000001     
   35.430000000000000        12.468000000000000     
   35.460000000000001        12.491000000000000     
   35.490000000000002        12.522000000000000     
   35.520000000000003        12.550000000000001     
   35.539999999999999        12.577999999999999     
   35.570000000000000        12.615000000000000     
   35.600000000000001        12.630000000000001     
   35.640000000000001        12.656000000000001     
   35.649999999999999        12.694000000000001     
   35.680000000000000        12.722000000000000     
   35.710000000000001        12.756000000000000     
   35.750000000000000        12.782000000000000     
   35.780000000000001        12.798999999999999     
   35.810000000000002        12.837000000000000     
   35.840000000000003        12.852000000000000     
   35.850000000000001        12.885000000000000     
   35.890000000000001        12.914000000000000     
   35.920000000000002        12.943000000000000     
   35.950000000000003        12.984000000000000     
   35.969999999999999        13.004000000000000     
   36.000000000000000        13.035000000000000     
   36.030000000000001        13.077000000000000     
   36.060000000000002        13.092000000000001     
   36.090000000000003        13.127000000000001     
   36.109999999999999        13.151000000000000     
   36.140000000000001        13.175000000000001     
   36.170000000000002        13.212000000000000     
   36.210000000000001        13.231000000000000     
   36.240000000000002        13.262000000000000     
   36.250000000000000        13.291000000000000     
   36.280000000000001        13.314000000000000     
   36.320000000000000        13.346000000000000     
   36.350000000000001        13.379000000000000     
   36.380000000000003        13.410000000000000     
   36.399999999999999        13.442000000000000     
   36.430000000000000        13.468999999999999     
   36.460000000000001        13.509000000000000     
   36.490000000000002        13.536000000000000     
   36.520000000000003        13.561999999999999     
   36.539999999999999        13.596000000000000     
   36.570000000000000        13.624000000000001     
   36.600000000000001        13.654000000000000     
   36.640000000000001        13.683999999999999     
   36.670000000000002        13.723000000000001     
   36.680000000000000        13.747000000000000     
   36.710000000000001        13.779999999999999     
   36.750000000000000        13.803000000000001     
   36.780000000000001        13.827000000000000     
   36.810000000000002        13.867000000000001     
   36.840000000000003        13.885999999999999     
   36.859999999999999        13.920999999999999     
   36.890000000000001        13.949000000000000     
   36.920000000000002        13.981999999999999     
   36.950000000000003        14.026999999999999     
   36.969999999999999        14.053000000000001     
   37.000000000000000        14.077000000000000     
   37.030000000000001        14.106000000000000     
   37.070000000000000        14.137000000000000     
   37.100000000000001        14.170000000000000     
   37.130000000000003        14.201000000000001     
   37.149999999999999        14.231999999999999     
   37.170000000000002        14.276000000000000     
   37.210000000000001        14.304000000000000     
   37.240000000000002        14.333000000000000     
   37.270000000000003        14.369000000000000     
   37.289999999999999        14.388000000000000     
   37.320000000000000        14.423000000000000     
   37.350000000000001        14.452999999999999     
   37.390000000000001        14.490000000000000     
   37.420000000000002        14.518000000000001     
   37.450000000000003        14.545999999999999     
   37.460000000000001        14.574000000000000     
   37.500000000000000        14.613000000000000     
   37.530000000000001        14.648000000000000     
   37.560000000000002        14.682000000000000     
   37.590000000000003        14.702999999999999     
   37.609999999999999        14.747000000000000     
   37.640000000000001        14.770000000000000     
   37.670000000000002        14.819000000000001     
   37.710000000000001        14.833000000000000     
   37.740000000000002        14.875000000000000     
   37.750000000000000        14.911000000000000     
   37.780000000000001        14.939000000000000     
   37.820000000000000        14.968000000000000     
   37.850000000000001        14.999000000000001     
   37.880000000000003        15.042999999999999     
   37.899999999999999        15.069000000000001     
   37.930000000000000        15.103999999999999     
   37.960000000000001        15.131000000000000     
   38.000000000000000        15.164000000000000     
   38.030000000000001        15.198000000000000     
   38.060000000000002        15.239000000000001     
   38.090000000000003        15.275000000000000     
   38.100000000000001        15.305999999999999     
   38.140000000000001        15.330000000000000     
   38.170000000000002        15.372000000000000     
   38.200000000000003        15.398000000000000     
   38.219999999999999        15.432000000000000     
   38.250000000000000        15.468000000000000     
   38.280000000000001        15.494999999999999     
   38.320000000000000        15.534000000000001     
   38.350000000000001        15.571000000000000     
   38.380000000000003        15.600000000000000     
   38.399999999999999        15.637000000000000     
   38.430000000000000        15.666000000000000     
   38.460000000000001        15.702999999999999     
   38.500000000000000        15.733000000000001     
   38.520000000000003        15.776999999999999     
   38.539999999999999        15.798999999999999     
   38.570000000000000        15.843999999999999     
   38.600000000000001        15.882000000000000     
   38.640000000000001        15.904999999999999     
   38.670000000000002        15.949999999999999     
   38.700000000000003        15.984000000000000     
   38.719999999999999        16.016999999999999     
   38.750000000000000        16.047999999999998     
   38.780000000000001        16.085000000000001     
   38.820000000000000        16.117000000000001     
   38.850000000000001        16.161000000000001     
   38.880000000000003        16.196000000000002     
   38.899999999999999        16.224000000000000     
   38.930000000000000        16.265000000000001     
   38.960000000000001        16.300999999999998     
   38.990000000000002        16.327000000000002     
   39.020000000000003        16.369000000000000     
   39.039999999999999        16.413000000000000     
   39.070000000000000        16.439000000000000     
   39.100000000000001        16.475000000000001     
   39.140000000000001        16.510999999999999     
   39.170000000000002        16.545999999999999     
   39.200000000000003        16.579999999999998     
   39.219999999999999        16.622000000000000     
   39.250000000000000        16.652000000000001     
   39.280000000000001        16.690000000000001     
   39.320000000000000        16.718000000000000     
   39.350000000000001        16.762000000000000     
   39.380000000000003        16.792999999999999     
   39.399999999999999        16.835000000000001     
   39.430000000000000        16.873999999999999     
   39.460000000000001        16.910000000000000     
   39.500000000000000        16.946000000000002     
   39.530000000000001        16.989000000000001     
   39.560000000000002        17.027999999999999     
   39.590000000000003        17.062000000000001     
   39.609999999999999        17.094999999999999     
   39.640000000000001        17.135999999999999     
   39.670000000000002        17.166000000000000     
   39.710000000000001        17.204999999999998     
   39.740000000000002        17.241000000000000     
   39.770000000000003        17.280000000000001     
   39.780000000000001        17.318000000000001     
   39.820000000000000        17.350999999999999     
   39.850000000000001        17.385999999999999     
   39.880000000000003        17.427000000000000     
   39.899999999999999        17.460999999999999     
   39.930000000000000        17.501999999999999     
   39.960000000000001        17.533000000000001     
   40.000000000000000        17.590000000000000     
   40.030000000000001        17.614999999999998     
   40.060000000000002        17.663000000000000     
   40.090000000000003        17.696000000000002     
   40.109999999999999        17.736999999999998     
   40.140000000000001        17.776000000000000     
   40.170000000000002        17.812000000000001     
   40.210000000000001        17.841999999999999     
   40.240000000000002        17.873999999999999     
   40.270000000000003        17.923999999999999     
   40.289999999999999        17.963999999999999     
   40.320000000000000        17.995999999999999     
   40.350000000000001        18.036000000000001     
   40.390000000000001        18.068999999999999     
   40.420000000000002        18.111000000000001     
   40.450000000000003        18.161000000000001     
   40.469999999999999        18.184000000000001     
   40.500000000000000        18.241000000000000     
   40.530000000000001        18.273000000000000     
   40.570000000000000        18.315000000000001     
   40.600000000000001        18.353999999999999     
   40.630000000000003        18.395000000000000     
   40.649999999999999        18.431000000000001     
   40.680000000000000        18.463000000000001     
   40.710000000000001        18.513999999999999     
   40.750000000000000        18.548999999999999     
   40.780000000000001        18.593000000000000     
   40.810000000000002        18.631000000000000     
   40.840000000000003        18.672000000000001     
   40.859999999999999        18.707999999999998     
   40.890000000000001        18.756000000000000     
   40.920000000000002        18.794000000000000     
   40.960000000000001        18.835999999999999     
   40.990000000000002        18.859999999999999     
   41.020000000000003        18.902000000000001     
   41.039999999999999        18.949000000000002     
   41.070000000000000        18.978999999999999     
   41.109999999999999        19.027999999999999     
   41.140000000000001        19.064000000000000     
   41.170000000000002        19.103000000000002     
   41.210000000000001        19.141999999999999     
   41.240000000000002        19.196999999999999     
   41.270000000000003        19.236000000000001     
   41.289999999999999        19.270000000000000     
   41.320000000000000        19.324000000000002     
   41.350000000000001        19.353999999999999     
   41.390000000000001        19.405000000000001     
   41.420000000000002        19.446000000000002     
   41.450000000000003        19.489000000000001     
   41.469999999999999        19.523000000000000     
   41.500000000000000        19.565000000000001     
   41.530000000000001        19.614000000000001     
   41.570000000000000        19.652000000000001     
   41.600000000000001        19.701000000000001     
   41.630000000000003        19.739000000000001     
   41.649999999999999        19.780000000000001     
   41.680000000000000        19.808000000000000     
   41.710000000000001        19.864999999999998     
   41.750000000000000        19.898000000000000     
   41.780000000000001        19.940000000000001     
   41.810000000000002        19.975999999999999     
   41.840000000000003        20.029000000000000     
   41.859999999999999        20.065000000000001     
   41.899999999999999        20.117000000000001     
   41.930000000000000        20.151000000000000     
   41.960000000000001        20.199000000000002     
   42.000000000000000        20.245999999999999     
   42.030000000000001        20.270000000000000     
   42.060000000000002        20.324000000000002     
   42.090000000000003        20.369000000000000     
   42.109999999999999        20.416000000000000     
   42.140000000000001        20.457999999999998     
   42.170000000000002        20.484999999999999     
   42.210000000000001        20.547000000000001     
   42.240000000000002        20.590000000000000     
   42.270000000000003        20.632999999999999     
   42.289999999999999        20.666000000000000     
   42.320000000000000        20.722000000000001     
   42.359999999999999        20.757999999999999     
   42.390000000000001        20.805000000000000     
   42.420000000000002        20.850000000000001     
   42.460000000000001        20.888000000000002     
   42.490000000000002        20.945000000000000     
   42.520000000000003        20.972999999999999     
   42.539999999999999        21.027000000000001     
   42.570000000000000        21.071000000000002     
   42.600000000000001        21.103999999999999     
   42.640000000000001        21.161999999999999     
   42.670000000000002        21.204000000000001     
   42.700000000000003        21.253000000000000     
   42.719999999999999        21.291000000000000     
   42.770000000000003        21.329000000000001     
   42.789999999999999        21.373999999999999     
   42.820000000000000        21.425999999999998     
   42.850000000000001        21.454999999999998     
   42.890000000000001        21.516999999999999     
   42.920000000000002        21.558000000000000     
   42.950000000000003        21.609000000000002     
   42.969999999999999        21.640999999999998     
   43.000000000000000        21.690000000000001     
   43.030000000000001        21.715000000000000     
   43.070000000000000        21.776000000000000     
   43.100000000000001        21.832999999999998     
   43.140000000000001        21.870999999999999     
   43.170000000000002        21.907000000000000     
   43.200000000000003        21.966000000000001     
   43.219999999999999        22.013000000000002     
   43.250000000000000        22.041000000000000     
   43.280000000000001        22.108000000000001     
   43.320000000000000        22.158999999999999     
   43.350000000000001        22.195000000000000     
   43.390000000000001        22.231999999999999     
   43.420000000000002        22.270000000000000     
   43.450000000000003        22.329000000000001     
   43.469999999999999        22.367999999999999     
   43.500000000000000        22.419000000000000     
   43.530000000000001        22.472000000000001     
   43.570000000000000        22.520000000000000     
   43.600000000000001        22.568999999999999     
   43.640000000000001        22.587000000000000     
   43.670000000000002        22.660000000000000     
   43.700000000000003        22.710999999999999     
   43.719999999999999        22.739000000000001     
   43.750000000000000        22.797000000000001     
   43.780000000000001        22.853000000000002     
   43.820000000000000        22.905000000000001     
   43.850000000000001        22.937000000000001     
   43.890000000000001        22.992000000000001     
   43.920000000000002        23.044000000000000     
   43.950000000000003        23.093000000000000     
   43.969999999999999        23.038000000000000     
   44.000000000000000        23.196999999999999     
   44.030000000000001        23.245999999999999     
   44.070000000000000        23.291000000000000     
   44.100000000000001        23.231999999999999     
   44.140000000000001        23.390999999999998     
   44.170000000000002        23.440999999999999     
   44.200000000000003        23.484999999999999     
   44.219999999999999        23.416000000000000     
   44.250000000000000        23.574000000000002     
   44.289999999999999        23.623999999999999     
   44.320000000000000        23.582000000000001     
   44.350000000000001        23.707999999999998     
   44.390000000000001        23.780000000000001     
   44.420000000000002        23.821999999999999     
   44.450000000000003        23.800000000000001     
   44.469999999999999        23.916000000000000     
   44.520000000000003        23.971000000000000     
   44.539999999999999        24.015999999999998     
   44.570000000000000        23.992999999999999     
   44.600000000000001        24.116000000000000     
   44.640000000000001        24.161999999999999     
   44.670000000000002        24.100000000000001     
   44.710000000000001        24.256000000000000     
   44.740000000000002        24.300999999999998     
   44.770000000000003        24.350000000000001     
   44.789999999999999        24.311000000000000     
   44.820000000000000        24.460999999999999     
   44.859999999999999        24.507000000000001     
   44.890000000000001        24.468000000000000     
   44.920000000000002        24.620000000000001     
   44.960000000000001        24.661000000000001     
   44.990000000000002        24.658999999999999     
   45.020000000000003        24.773000000000000     
   45.060000000000002        24.812000000000001     
   45.090000000000003        24.881000000000000     
   45.109999999999999        24.829000000000001     
   45.140000000000001        24.971000000000000     
   45.170000000000002        25.045000000000002     
   45.210000000000001        24.981999999999999     
   45.250000000000000        25.128000000000000     
   45.280000000000001        25.172999999999998     
   45.310000000000002        25.154000000000000     
   45.340000000000003        25.286999999999999     
   45.380000000000003        25.341000000000001     
   45.399999999999999        25.308000000000000     
   45.430000000000000        25.440999999999999     
   45.460000000000001        25.495000000000001     
   45.500000000000000        25.489000000000001     
   45.530000000000001        25.611000000000001     
   45.570000000000000        25.657000000000000     
   45.600000000000001        25.609999999999999     
   45.630000000000003        25.763999999999999     
   45.670000000000002        25.806999999999999     
   45.700000000000003        25.770000000000000     
   45.719999999999999        25.916000000000000     
   45.750000000000000        25.957000000000001     
   45.780000000000001        25.922000000000001     
   45.820000000000000        26.068999999999999     
   45.850000000000001        26.123999999999999     
   45.890000000000001        26.071999999999999     
   45.920000000000002        26.216000000000001     
   45.960000000000001        26.291000000000000     
   45.990000000000002        26.248999999999999     
   46.020000000000003        26.384000000000000     
   46.039999999999999        26.332000000000001     
   46.070000000000000        26.498999999999999     
   46.109999999999999        26.524000000000001     
   46.140000000000001        26.516999999999999     
   46.170000000000002        26.655000000000001     
   46.210000000000001        26.626999999999999     
   46.250000000000000        26.765999999999998     
   46.280000000000001        26.821999999999999     
   46.310000000000002        26.791000000000000     
   46.340000000000003        26.937000000000001     
   46.380000000000003        26.930000000000000     
   46.399999999999999        27.045999999999999     
   46.430000000000000        27.087000000000000     
   46.460000000000001        27.074999999999999     
   46.500000000000000        27.187000000000001     
   46.530000000000001        27.145000000000000     
   46.570000000000000        27.295000000000002     
   46.600000000000001        27.353000000000002     
   46.640000000000001        27.324999999999999     
   46.670000000000002        27.478000000000002     
   46.700000000000003        27.436000000000000     
   46.719999999999999        27.574000000000002     
   46.770000000000003        27.593000000000000     
   46.789999999999999        27.702999999999999     
   46.820000000000000        27.666000000000000     
   46.859999999999999        27.812000000000001     
   46.890000000000001        27.797000000000001     
   46.920000000000002        27.916000000000000     
   46.960000000000001        27.902000000000001     
   47.000000000000000        28.041000000000000     
   47.030000000000001        28.077000000000002     
   47.060000000000002        28.024000000000001     
   47.100000000000001        28.187000000000001     
   47.130000000000003        28.166000000000000     
   47.149999999999999        28.295000000000002     
   47.180000000000000        28.283999999999999     
   47.219999999999999        28.327999999999999     
   47.250000000000000        28.471000000000000     
   47.280000000000001        28.449000000000002     
   47.320000000000000        28.588000000000001     
   47.350000000000001        28.585000000000001     
   47.390000000000001        28.692000000000000     
   47.420000000000002        28.690000000000001     
   47.460000000000001        28.838000000000001     
   47.490000000000002        28.795000000000002     
   47.520000000000003        28.870999999999999     
   47.560000000000002        29.003000000000000     
   47.590000000000003        28.969999999999999     
   47.609999999999999        29.113000000000000     
   47.649999999999999        29.093000000000000     
   47.680000000000000        29.148000000000000     
   47.710000000000001        29.274000000000001     
   47.750000000000000        29.288000000000000     
   47.780000000000001        29.346000000000000     
   47.820000000000000        29.474000000000000     
   47.850000000000001        29.449999999999999     
   47.890000000000001        29.510000000000002     
   47.920000000000002        29.638000000000002     
   47.960000000000001        29.648000000000000     
   47.990000000000002        29.696999999999999     
   48.020000000000003        29.827999999999999     
   48.060000000000002        29.835999999999999     
   48.090000000000003        29.891999999999999     
   48.109999999999999        29.940999999999999     
   48.149999999999999        30.067000000000000     
   48.180000000000000        30.062000000000001     
   48.210000000000001        30.145000000000000     
   48.250000000000000        30.199999999999999     
   48.280000000000001        30.260999999999999     
   48.320000000000000        30.356999999999999     
   48.350000000000001        30.381000000000000     
   48.390000000000001        30.457000000000001     
   48.420000000000002        30.515999999999998     
   48.460000000000001        30.571999999999999     
   48.490000000000002        30.616000000000000     
   48.520000000000003        30.702999999999999     
   48.560000000000002        30.759000000000000     
   48.590000000000003        30.811000000000000     
   48.609999999999999        30.884000000000000     
   48.649999999999999        30.923999999999999     
   48.680000000000000        30.995999999999999     
   48.719999999999999        31.074000000000002     
   48.750000000000000        31.138000000000002     
   48.780000000000001        31.187000000000001     
   48.820000000000000        31.245000000000001     
   48.850000000000001        31.300999999999998     
   48.890000000000001        31.381000000000000     
   48.920000000000002        31.428999999999998     
   48.960000000000001        31.463000000000001     
   49.000000000000000        31.558000000000000     
   49.030000000000001        31.609999999999999     
   49.060000000000002        31.719999999999999     
   49.100000000000001        31.774000000000001     
   49.130000000000003        31.835999999999999     
   49.170000000000002        31.899999999999999     
   49.200000000000003        31.957999999999998     
   49.219999999999999        31.966000000000001     
   49.270000000000003        32.048999999999999     
   49.289999999999999        32.155000000000001     
   49.340000000000003        32.228000000000002     
   49.359999999999999        32.277999999999999     
   49.390000000000001        32.341000000000001     
   49.430000000000000        32.381000000000000     
   49.460000000000001        32.421999999999997     
   49.500000000000000        32.469000000000001     
   49.530000000000001        32.564000000000000     
   49.570000000000000        32.637000000000000     
   49.600000000000001        32.691000000000003     
   49.640000000000001        32.761000000000003     
   49.670000000000002        32.820000000000000     
   49.710000000000001        32.878999999999998     
   49.750000000000000        32.923000000000002     
   49.780000000000001        33.009000000000000     
   49.810000000000002        33.064999999999998     
   49.850000000000001        33.136000000000003     
   49.880000000000003        33.180999999999997     

 POLYNOMIAL REGRESSION OF DEGREE  1

C-----   INTERCEPT
      DATA RCPT/   -0.1544109837000624D+01/

C-----   REGRESSION COEFFICIENTS
      DATA D(1) /    0.4788797168351414D+00/

        ANALYSIS OF VARIANCE FOR   1  DEGREE POLYNOMIAL


 SOURCE OF VARIATION  DEGREE      SUM OF        MEAN          F    IMPROVEMENT
                        OF        SQUARES       SQUARE      VALUE  IN TERMS OF
                     FREEDOM                                       SUM OF SQUARE

 DUE TO REGRESSION     1      57084.92146  57084.92146   2891.93583  57084.92146
 DEVIATION ABOUT
        REGRESSION  1574      31069.73035     19.73935
 TOTAL              1575      88154.65181




 POLYNOMIAL REGRESSION OF DEGREE  2

C-----   INTERCEPT
      DATA RCPT/    0.1650153980993214D+02/

C-----   REGRESSION COEFFICIENTS
      DATA D(1) /   -0.1192956366998731D+01/
      DATA D(2) /    0.3054631996326719D-01/

        ANALYSIS OF VARIANCE FOR   2  DEGREE POLYNOMIAL


 SOURCE OF VARIATION  DEGREE      SUM OF        MEAN          F    IMPROVEMENT
                        OF        SQUARES       SQUARE      VALUE  IN TERMS OF
                     FREEDOM                                       SUM OF SQUARE

 DUE TO REGRESSION     2      88131.69237  44065.846193019044.62866  31046.77091
 DEVIATION ABOUT
        REGRESSION  1573         22.95944      0.01460
 TOTAL              1575      88154.65181




 POLYNOMIAL REGRESSION OF DEGREE  3

C-----   INTERCEPT
      DATA RCPT/    0.1564747299241567D+02/

C-----   REGRESSION COEFFICIENTS
      DATA D(1) /   -0.1060771088583652D+01/
      DATA D(2) /    0.2501983122384885D-01/
      DATA D(3) /    0.6708378365068722D-04/

        ANALYSIS OF VARIANCE FOR   3  DEGREE POLYNOMIAL


 SOURCE OF VARIATION  DEGREE      SUM OF        MEAN          F    IMPROVEMENT
                        OF        SQUARES       SQUARE      VALUE  IN TERMS OF
                     FREEDOM                                       SUM OF SQUARE

 DUE TO REGRESSION     3      88150.81551  29383.60517*************     19.12314
 DEVIATION ABOUT
        REGRESSION  1572          3.83630      0.00244
 TOTAL              1575      88154.65181




 POLYNOMIAL REGRESSION OF DEGREE  4

C-----   INTERCEPT
      DATA RCPT/    0.1505979080041933D+02/

C-----   REGRESSION COEFFICIENTS
      DATA D(1) /   -0.9327851161866528D+00/
      DATA D(2) /    0.1626181513313802D-01/
      DATA D(3) /    0.3009742193077393D-03/
      DATA D(4) /   -0.2125858610135831D-05/

        ANALYSIS OF VARIANCE FOR   4  DEGREE POLYNOMIAL


 SOURCE OF VARIATION  DEGREE      SUM OF        MEAN          F    IMPROVEMENT
                        OF        SQUARES       SQUARE      VALUE  IN TERMS OF
                     FREEDOM                                       SUM OF SQUARE

 DUE TO REGRESSION     4      88153.23420  22038.30855*************      2.41869
 DEVIATION ABOUT
        REGRESSION  1571          1.41761      0.00090
 TOTAL              1575      88154.65181



