 'SAMPLE' 1576 03 1 
538	1306
541	1306
545	1306
548	1306
550	1306
554	1306
557	1306
559	1306
562	1306
565	1306
567	1306
570	1305
574	1305
576	1305
579	1305
583	1305
584	1305
587	1305
591	1305
594	1305
596	1305
600	1305
603	1305
605	1305
608	1305
611	1304
613	1304
616	1304
620	1304
623	1304
625	1304
628	1304
630	1304
633	1304
637	1304
640	1304
642	1303
645	1303
648	1303
650	1303
654	1303
657	1303
659	1303
662	1303
666	1303
667	1303
670	1303
674	1303
676	1303
679	1302
683	1302
684	1302
687	1302
691	1302
694	1302
696	1302
700	1302
701	1302
704	1301
708	1301
711	1301
713	1301
716	1301
719	1301
721	1301
725	1301
728	1301
730	1300
733	1301
736	1300
738	1300
741	1300
745	1300
748	1300
750	1300
753	1300
755	1299
758	1299
762	1299
765	1299
766	1299
770	1299
773	1299
775	1298
779	1299
780	1298
783	1298
787	1298
790	1298
792	1298
795	1298
798	1298
800	1298
803	1297
807	1297
809	1297
811	1297
815	1297
817	1297
821	1297
824	1297
825	1296
828	1296
832	1296
834	1296
838	1296
840	1296
842	1296
846	1296
849	1295
851	1295
853	1295
857	1295
859	1295
863	1295
865	1294
867	1295
871	1294
874	1294
876	1294
878	1294
882	1293
884	1294
888	1293
891	1293
892	1293
896	1293
899	1293
901	1293
903	1293
907	1292
909	1292
913	1292
916	1292
917	1292
921	1292
924	1291
926	1291
928	1292
932	1291
934	1291
938	1291
940	1291
942	1290
946	1291
949	1290
951	1290
953	1290
957	1290
959	1290
963	1289
965	1289
967	1289
971	1289
974	1289
975	1289
978	1289
982	1288
984	1288
988	1288
990	1288
992	1288
996	1288
999	1288
1000	1288
1003	1287
1007	1287
1009	1287
1011	1287
1015	1286
1017	1286
1021	1286
1023	1286
1025	1285
1028	1286
1032	1286
1033	1285
1036	1285
1040	1285
1042	1285
1044	1285
1048	1285
1050	1284
1053	1284
1056	1284
1058	1284
1061	1284
1065	1283
1066	1283
1069	1283
1073	1283
1075	1283
1077	1283
1081	1283
1083	1282
1085	1282
1089	1282
1091	1282
1094	1282
1097	1282
1100	1281
1102	1282
1106	1281
1108	1281
1110	1281
1114	1281
1116	1280
1118	1281
1122	1280
1125	1280
1126	1280
1130	1280
1133	1280
1135	1280
1138	1280
1141	1279
1143	1279
1146	1279
1149	1279
1151	1278
1155	1278
1157	1278
1159	1278
1163	1278
1166	1278
1167	1277
1171	1277
1174	1277
1175	1277
1178	1277
1182	1276
1184	1276
1186	1276
1190	1276
1192	1276
1194	1276
1198	1275
1200	1275
1203	1275
1206	1275
1208	1275
1211	1274
1214	1274
1216	1274
1219	1274
1223	1274
1225	1273
1227	1273
1231	1273
1233	1273
1235	1272
1239	1272
1241	1273
1243	1272
1247	1272
1250	1272
1251	1272
1255	1271
1258	1271
1260	1271
1263	1271
1266	1271
1268	1270
1271	1271
1274	1270
1276	1270
1278	1270
1282	1270
1284	1269
1288	1269
1290	1269
1292	1269
1296	1269
1298	1268
1300	1268
1303	1268
1306	1267
1308	1268
1311	1267
1315	1267
1316	1267
1319	1266
1323	1267
1325	1266
1327	1266
1331	1266
1333	1266
1335	1266
1339	1266
1341	1266
1343	1265
1347	1265
1350	1265
1351	1265
1355	1265
1358	1264
1359	1264
1363	1264
1366	1264
1367	1263
1371	1263
1374	1263
1375	1262
1378	1263
1382	1262
1383	1262
1386	1262
1390	1261
1392	1261
1394	1262
1398	1261
1400	1261
1402	1261
1406	1260
1408	1261
1410	1260
1414	1260
1416	1260
1418	1259
1422	1259
1425	1259
1426	1259
1430	1259
1433	1258
1434	1258
1438	1258
1441	1257
1442	1257
1446	1257
1449	1257
1451	1257
1453	1257
1457	1256
1458	1256
1461	1256
1465	1256
1467	1256
1469	1256
1473	1255
1475	1255
1477	1255
1481	1254
1483	1254
1485	1254
1489	1254
1491	1254
1493	1253
1497	1253
1500	1253
1501	1253
1505	1253
1508	1252
1509	1252
1513	1252
1516	1251
1517	1251
1521	1251
1524	1251
1525	1251
1528	1250
1532	1251
1533	1250
1536	1250
1540	1250
1541	1250
1544	1249
1548	1249
1550	1249
1552	1249
1556	1249
1558	1248
1560	1248
1564	1248
1566	1247
1568	1248
1572	1247
1574	1246
1576	1247
1580	1247
1582	1246
1584	1246
1588	1246
1590	1245
1592	1245
1596	1245
1598	1245
1601	1245
1603	1244
1605	1244
1608	1244
1612	1249
1614	1246
1617	1245
1619	1245
1621	1244
1625	1243
1626	1242
1630	1262
1632	1263
1635	1261
1637	1264
1641	1263
1642	1263
1646	1260
1648	1262
1651	1262
1653	1261
1657	1258
1658	1260
1662	1259
1664	1255
1667	1254
1669	1253
1673	1251
1675	1249
1678	1247
1680	1247
1682	1247
1685	1247
1689	1249
1691	1249
1694	1249
1696	1251
1698	1251
1701	1250
1703	1252
1707	1253
1710	1253
1712	1250
1714	1253
1717	1253
1719	1253
1723	1252
1726	1250
1728	1251
1730	1252
1733	1251
1735	1251
1739	1248
1742	1251
1744	1250
1746	1250
1750	1249
1751	1245
1755	1247
1757	1246
1760	1245
1762	1245
1764	1240
1767	1243
1771	1242
1773	1240
1776	1240
1778	1240
1780	1237
1783	1237
1787	1237
1789	1231
1792	1228
1794	1228
1796	1228
1800	1228
1801	1228
1805	1228
1807	1227
1810	1227
1812	1227
1816	1227
1817	1227
1821	1226
1823	1226
1826	1226
1828	1226
1832	1226
1833	1226
1837	1226
1839	1225
1842	1225
1844	1225
1846	1225
1850	1225
1853	1224
1855	1224
1857	1224
1860	1224
1862	1223
1866	1223
1869	1223
1871	1223
1873	1223
1876	1223
1878	1222
1882	1222
1883	1222
1887	1222
1889	1222
1892	1221
1894	1221
1898	1221
1900	1221
1903	1220
1905	1220
1907	1220
1910	1220
1912	1219
1916	1219
1919	1219
1921	1219
1923	1219
1926	1218
1928	1218
1932	1218
1935	1218
1937	1217
1939	1217
1942	1217
1944	1217
1948	1216
1950	1216
1953	1216
1955	1216
1957	1216
1960	1215
1964	1215
1966	1215
1969	1214
1971	1214
1973	1214
1976	1214
1978	1213
1982	1213
1985	1213
1987	1213
1989	1213
1992	1212
1994	1212
1998	1212
2001	1212
2003	1211
2005	1211
2008	1211
2010	1211
2014	1210
2016	1210
2019	1210
2021	1210
2023	1209
2026	1209
2030	1209
2032	1209
2035	1208
2037	1208
2039	1208
2042	1208
2044	1207
2048	1207
2051	1207
2053	1207
2055	1206
2058	1206
2060	1206
2064	1206
2067	1206
2069	1205
2071	1205
2075	1205
2076	1204
2080	1204
2082	1204
2085	1204
2087	1203
2089	1203
2092	1203
2096	1203
2098	1203
2101	1202
2103	1202
2105	1202
2108	1202
2110	1202
2114	1202
2117	1201
2119	1201
2121	1200
2125	1200
2126	1200
2130	1200
2132	1200
2135	1199
2137	1199
2139	1199
2142	1199
2146	1198
2148	1198
2151	1198
2153	1198
2155	1197
2158	1197
2162	1197
2164	1197
2167	1196
2169	1196
2171	1196
2175	1196
2176	1195
2180	1195
2182	1195
2185	1195
2187	1194
2191	1194
2192	1194
2196	1194
2198	1194
2201	1193
2203	1193
2205	1193
2208	1193
2212	1193
2214	1192
2217	1192
2219	1192
2221	1192
2225	1191
2228	1191
2230	1190
2232	1190
2235	1190
2237	1190
2241	1189
2242	1189
2246	1189
2248	1189
2251	1188
2253	1188
2257	1188
2258	1188
2262	1187
2264	1187
2267	1187
2269	1186
2273	1186
2275	1186
2278	1186
2280	1186
2282	1185
2285	1185
2287	1185
2291	1185
2294	1185
2296	1184
2298	1184
2301	1184
2303	1183
2307	1183
2310	1183
2312	1183
2314	1182
2317	1182
2319	1182
2323	1181
2325	1181
2328	1181
2330	1181
2332	1180
2335	1180
2339	1180
2341	1180
2344	1179
2346	1179
2348	1179
2351	1179
2355	1178
2357	1178
2360	1178
2362	1178
2364	1177
2367	1177
2369	1177
2373	1177
2376	1176
2378	1176
2380	1176
2383	1176
2385	1176
2389	1175
2392	1175
2394	1175
2396	1174
2400	1174
2401	1174
2405	1174
2407	1174
2410	1173
2412	1173
2414	1172
2417	1172
2421	1172
2423	1172
2426	1172
2428	1172
2430	1171
2433	1171
2437	1170
2439	1170
2442	1170
2444	1170
2446	1169
2450	1169
2453	1169
2455	1169
2457	1169
2460	1168
2462	1168
2466	1167
2467	1167
2471	1167
2473	1167
2476	1167
2478	1166
2482	1167
2483	1166
2487	1166
2489	1166
2492	1165
2494	1165
2498	1164
2500	1164
2503	1164
2505	1163
2507	1163
2510	1163
2514	1163
2516	1163
2519	1163
2521	1162
2523	1162
2526	1162
2530	1161
2532	1161
2535	1161
2537	1161
2539	1160
2542	1160
2546	1160
2548	1160
2551	1159
2553	1159
2555	1159
2558	1158
2562	1158
2564	1158
2567	1158
2569	1158
2571	1157
2575	1157
2578	1157
2580	1156
2582	1156
2585	1156
2587	1156
2591	1155
2592	1155
2596	1155
2598	1154
2601	1154
2603	1154
2607	1154
2608	1154
2612	1154
2614	1153
2617	1153
2619	1152
2623	1152
2626	1152
2628	1152
2630	1151
2632	1151
2635	1151
2639	1151
2642	1151
2644	1150
2646	1150
2650	1150
2651	1150
2655	1149
2657	1149
2660	1149
2662	1148
2666	1148
2667	1148
2671	1147
2673	1147
2676	1147
2678	1147
2682	1147
2683	1146
2687	1145
2689	1146
2692	1145
2694	1145
2698	1145
2700	1144
2703	1144
2705	1144
2707	1144
2710	1143
2714	1143
2716	1143
2719	1143
2721	1143
2723	1142
2726	1142
2730	1142
2732	1141
2735	1141
2737	1141
2741	1140
2742	1140
2746	1140
2748	1140
2751	1139
2753	1139
2757	1139
2758	1139
2762	1138
2764	1138
2767	1138
2769	1138
2773	1137
2775	1136
2778	1137
2780	1136
2782	1136
2785	1136
2789	1135
2792	1135
2794	1135
2796	1135
2800	1134
2801	1134
2805	1134
2807	1134
2810	1134
2812	1133
2816	1133
2817	1133
2821	1132
2823	1132
2826	1132
2828	1132
2832	1131
2835	1131
2837	1131
2839	1131
2842	1130
2844	1130
2848	1130
2851	1129
2853	1129
2855	1128
2858	1128
2862	1128
2864	1128
2867	1128
2869	1127
2871	1127
2875	1127
2878	1127
2880	1127
2882	1126
2885	1126
2889	1125
2891	1125
2894	1125
2896	1124
2898	1124
2901	1124
2905	1124
2907	1123
2910	1123
2912	1123
2916	1122
2917	1122
2921	1122
2923	1122
2926	1122
2928	1121
2932	1121
2935	1121
2937	1120
2939	1120
2942	1120
2944	1120
2948	1119
2951	1119
2953	1119
2955	1118
2958	1118
2962	1118
2964	1117
2967	1117
2969	1117
2971	1117
2975	1116
2978	1116
2980	1116
2982	1116
2985	1116
2989	1116
2992	1115
2994	1115
2996	1114
3000	1114
3001	1114
3005	1114
3007	1113
3010	1113
3012	1113
3016	1112
3019	1112
3021	1112
3023	1111
3026	1111
3030	1111
3032	1111
3035	1110
3037	1110
3041	1110
3042	1109
3046	1109
3048	1109
3051	1108
3053	1108
3057	1108
3060	1108
3062	1108
3064	1108
3067	1108
3071	1107
3073	1107
3076	1106
3078	1106
3082	1106
3083	1106
3087	1106
3089	1105
3092	1105
3094	1105
3098	1104
3101	1104
3103	1104
3105	1104
3108	1104
3112	1103
3114	1103
3117	1102
3119	1102
3123	1102
3125	1102
3128	1102
3130	1101
3133	1101
3135	1101
3139	1101
3142	1101
3144	1100
3146	1100
3150	1099
3153	1099
3155	1098
3157	1099
3160	1098
3164	1098
3167	1098
3169	1098
3171	1097
3175	1097
3178	1096
3180	1096
3182	1096
3185	1096
3189	1095
3191	1095
3194	1095
3196	1095
3200	1094
3202	1094
3204	1094
3207	1093
3210	1093
3213	1093
3215	1092
3218	1092
3221	1092
3224	1091
3227	1091
3229	1091
3232	1091
3235	1090
3238	1090
3240	1090
3243	1090
3246	1090
3249	1090
3252	1089
3254	1089
3257	1088
3260	1088
3263	1088
3265	1087
3268	1087
3271	1087
3274	1087
3277	1086
3279	1086
3282	1086
3285	1086
3288	1085
3290	1085
3293	1085
3296	1085
3299	1084
3302	1084
3304	1084
3307	1084
3310	1084
3313	1083
3315	1083
3318	1083
3321	1081
3324	1081
3327	1081
3329	1081
3332	1081
3335	1081
3338	1080
3340	1080
3343	1080
3346	1080
3349	1079
3352	1079
3354	1079
3357	1078
3360	1078
3363	1079
3365	1078
3368	1077
3371	1077
3375	1077
3377	1077
3379	1076
3382	1076
3385	1076
3389	1076
3390	1076
3393	1075
3396	1075
3400	1075
3403	1074
3404	1074
3407	1074
3410	1074
3414	1073
3417	1073
3418	1072
3421	1072
3425	1072
3428	1072
3431	1071
3432	1071
3435	1071
3439	1070
3442	1070
3445	1070
3447	1070
3450	1069
3453	1069
3456	1069
3459	1068
3461	1068
3464	1068
3467	1067
3470	1067
3472	1067
3475	1067
3478	1067
3481	1067
3484	1067
3486	1066
3489	1067
3492	1066
3496	1066
3497	1066
3500	1065
3503	1065
3507	1065
3510	1064
3511	1063
3514	1063
3517	1063
3521	1063
3524	1061
3527	1061
3529	1061
3532	1061
3535	1061
3538	1061
3540	1061
3543	1060
3546	1060
3549	1059
3552	1059
3554	1059
3557	1059
3560	1059
3564	1058
3565	1058
3568	1058
3571	1057
3575	1058
3578	1057
3581	1056
3584	1056
3585	1056
3589	1056
3592	1055
3595	1055
3597	1055
3600	1055
3603	1055
3606	1054
3609	1054
3611	1053
3614	1054
3617	1053
3621	1053
3624	1052
3625	1053
3628	1052
3632	1052
3635	1051
3638	1051
3640	1051
3643	1051
3646	1050
3649	1050
3652	1050
3654	1050
3657	1050
3660	1049
3664	1050
3667	1049
3668	1049
3671	1049
3675	1048
3678	1048
3681	1047
3684	1047
3686	1047
3689	1047
3692	1046
3695	1046
3697	1046
3700	1046
3703	1046
3707	1045
3710	1045
3713	1045
3715	1044
3717	1044
3721	1044
3724	1044
3727	1044
3729	1043
3732	1043
3735	1043
3739	1042
3742	1042
3745	1042
3746	1041
3750	1041
3753	1041
3756	1041
3759	1041
3761	1040
3764	1040
3767	1040
3771	1039
3774	1039
3775	1039
3778	1038
3782	1038
3785	1038
3788	1038
3790	1037
3793	1037
3796	1036
3800	1036
3803	1036
3806	1036
3809	1035
3810	1035
3814	1035
3817	1035
3820	1034
3822	1034
3825	1034
3828	1034
3832	1034
3835	1033
3838	1033
3840	1032
3843	1032
3846	1032
3850	1032
3852	1032
3854	1032
3857	1031
3860	1031
3864	1031
3867	1030
3870	1030
3872	1030
3875	1029
3878	1029
3882	1029
3885	1029
3888	1028
3890	1028
3893	1028
3896	1028
3899	1028
3902	1027
3904	1027
3907	1026
3910	1026
3914	1026
3917	1026
3920	1026
3922	1025
3925	1025
3928	1025
3932	1025
3935	1025
3938	1025
3940	1024
3943	1024
3946	1024
3950	1024
3953	1023
3956	1023
3959	1023
3961	1023
3964	1023
3967	1023
3971	1022
3974	1021
3977	1021
3978	1021
3982	1020
3985	1020
3988	1020
3990	1020
3993	1020
3996	1020
4000	1019
4003	1019
4006	1019
4009	1018
4011	1018
4014	1018
4017	1018
4021	1017
4024	1017
4027	1017
4029	1016
4032	1017
4035	1016
4039	1016
4042	1015
4045	1015
4047	1015
4050	1015
4053	1015
4057	1014
4060	1013
4063	1013
4065	1013
4068	1013
4071	1013
4075	1013
4078	1013
4081	1012
4084	1012
4086	1012
4089	1012
4092	1011
4096	1011
4099	1012
4102	1011
4104	1010
4107	1010
4111	1009
4114	1009
4117	1009
4121	1009
4124	1009
4127	1009
4129	1008
4132	1008
4135	1008
4139	1007
4142	1007
4145	1007
4147	1006
4150	1006
4153	1007
4157	1006
4160	1006
4163	1006
4165	1006
4168	1006
4171	1005
4175	1005
4178	1004
4181	1004
4184	1004
4186	1004
4190	1004
4193	1003
4196	1003
4200	1002
4203	1003
4206	1002
4209	1002
4211	1002
4214	1002
4217	1002
4221	1001
4224	1001
4227	1000
4229	1001
4232	1000
4236	1000
4239	999
4242	999
4246	1000
4249	999
4252	999
4254	998
4257	998
4260	999
4264	997
4267	997
4270	997
4272	997
4277	997
4279	997
4282	996
4285	997
4289	996
4292	995
4295	995
4297	995
4300	995
4303	995
4307	995
4310	994
4314	994
4317	994
4320	994
4322	994
4325	994
4328	993
4332	993
4335	993
4339	992
4342	992
4345	991
4347	992
4350	992
4353	991
4357	991
4360	991
4364	991
4367	990
4370	990
4372	990
4375	990
4378	990
4382	990
4385	990
4389	990
4392	989
4395	989
4397	986
4400	988
4403	988
4407	988
4410	984
4414	988
4417	988
4420	987
4422	984
4425	987
4429	987
4432	983
4435	987
4439	986
4442	986
4445	983
4447	985
4452	985
4454	984
4457	982
4460	984
4464	983
4467	981
4471	984
4474	983
4477	983
4479	979
4482	982
4486	982
4489	978
4492	981
4496	982
4499	978
4502	981
4506	981
4509	980
4511	977
4514	980
4517	979
4521	976
4525	979
4528	980
4531	976
4534	979
4538	979
4540	975
4543	978
4546	978
4550	975
4553	978
4557	978
4560	975
4563	977
4567	977
4570	975
4572	976
4575	976
4578	974
4582	976
4585	976
4589	973
4592	976
4596	976
4599	972
4602	976
4604	972
4607	974
4611	975
4614	972
4617	975
4621	973
4625	974
4628	974
4631	972
4634	973
4638	970
4640	973
4643	973
4646	971
4650	973
4653	971
4657	972
4660	972
4664	970
4667	972
4670	969
4672	972
4677	969
4679	971
4682	969
4686	971
4689	969
4692	971
4696	969
4700	970
4703	970
4706	968
4710	970
4713	967
4715	970
4718	967
4722	967
4725	969
4728	967
4732	969
4735	967
4739	969
4742	966
4746	968
4749	967
4752	966
4756	968
4759	966
4761	968
4765	966
4768	966
4771	967
4775	965
4778	965
4782	966
4785	965
4789	965
4792	966
4796	964
4799	964
4802	965
4806	963
4809	964
4811	963
4815	964
4818	963
4821	963
4825	963
4828	964
4832	964
4835	963
4839	963
4842	962
4846	962
4849	962
4852	962
4856	962
4859	963
4861	962
4865	962
4868	962
4872	962
4875	962
4878	962
4882	961
4885	961
4889	961
4892	962
4896	960
4900	961
4903	961
4906	961
4910	961
4913	961
4917	961
4920	961
4922	960
4927	960
4929	961
4934	960
4936	960
4939	961
4943	960
4946	959
4950	959
4953	959
4957	959
4960	958
4964	959
4967	959
4971	958
4975	959
4978	958
4981	958
4985	958
4988	957

