     1   2339   3809     22
     2   2341   3812    189
     3   2344   3815    132
     4   2346   3820    120
     5   2348   3827    251
     6   2351   3830    293
     7   2355   3837    331
     8   2357   3841    245
     9   2360   3845    154
    10   2362   3854    160
    11   2364   3860    274
    12   2367   3863    250
    13   2369   3871    210
    14   2373   3877    313
    15   2376   3881    329
    16   2378   3887    315
    17   2380   3892    255
    18   2383   3900    131
    19   2385   3910     99
    20   2389   3919     95
    21   2392   3926     90
    22   2394   3932    111
    23   2396   3940     82
    24   2400   3946    107
    25   2401   3949    155
    26   2405   3956    146
    27   2407   3964     98
    28   2410   3973     73
    29   2412   3974     86
    30   2414   3979    134
    31   2417   3981    127
    32   2421   3991     80
    33   2423   3993    111
    34   2426   4004     74
    35   2428   4006    172
    36   2430   4014    215
    37   2433   4021    110
    38   2437   4026    230
    39   2439   4039     56
    40   2442   4064      8
    41   2444   4089      7
    42   2446   4074      7
    43   2450   4100      6
    44   2453   4087      9
    45   2455   4106      8
    46   2457   4087    483
    47   2460   4096    557
    48   2462   4102    173
    49   2466   4112    344
    50   2467   4118    846
    51   2471   4127    336
    52   2473   4135   1027
    53   2476   4146    579
    54   2478   4153    598
    55   2482   4162    465
    56   2483   4171    416
    57   2487   4183    431
    58   2489   4188    697
    59   2492   4205    381
    60   2494   4207    410
    61   2498   4223    333
    62   2500   4236    169
    63   2503   4238    452
    64   2505   4240    524
    65   2507   4253    461
    66   2510   4264    372
    67   2514   4295    778
    68   2516   4306   1059
    69   2519   4317    838
    70   2521   4320    695
    71   2523   4330    781
    72   2526   4334    326
    73   2530   4349    214
    74   2532   4357    459
    75   2535   4352   1105
    76   2537   4398    905
    77   2539   4395    750
    78   2542   4401    743
    79   2546   4404    666
    80   2548   4415   1099
    81   2551   4420   1231
    82   2553   4430    654
    83   2555   4440    569
    84   2558   4452    730
    85   2562   4458    532
    86   2564   4469    371
    87   2567   4499    645
    88   2569   4496   1114
    89   2571   4514    419
    90   2575   4516    404
    91   2578   4521    315
    92   2580   4518   1010
    93   2582   4524    722
    94   2585   4537    440
    95   2587   4581    131
    96   2591   4590    114
    97   2592   4588    243
    98   2596   4608    217
    99   2598   4609    154
   100   2601   4631     90
   101   2603   4627    199
   102   2607   4644    117
   103   2608   4656    112
   104   2612   4674    166
   105   2614   4679    128
   106   2617   4695     84
   107   2619   4710    108
   108   2623   4714    124
   109   2626   4724     83
   110   2628   4720    106
   111   2630   4731    131
   112   2632   4760    115
   113   2635   4768     75
   114   2639   4779     85
   115   2642   4792    117
   116   2644   4803    131
   117   2646   4815    107
   118   2650   4823     64
   119   2651   4844     75
   120   2655   4843     77
   121   2657   4853     88
   122   2660   4870     74
   123   2662   4869     67
   124   2666   4871     97
   125   2667   4892     68
   126   2671   4909    101
   127   2673   4914     77
   128   2676   4889    196
   129   2678   4883    511
   130   2682   4863    530
   131   2683   4874    510
   132   2687   4881    911
   133   2689   4896    827
   134   2692   4919    712
   135   2694   4921    460
   136   2698   4941    410
   137   2700   4949    381
   138   2703   4964    343
   139   2705   4984    359
   140   2707   4994    310
   141   2710   5002    331
   142   2714   5008    471
   143   2716   5016    486
   144   2719   5025    596
   145   2721   5043    608
   146   2723   5070    351
   147   2726   5083    299
   148   2730   5097    315
   149   2732   5108    285
   150   2735   5109    323
   151   2737   5135    178
   152   2741   5159    160
   153   2742   5170    139
   154   2746   5215    141
   155   2748   5198    111
   156   2751   5221    101
   157   2753   5234    110
   158   2757   5254     98
   159   2758   5261     92
   160   2762   5264     98
   161   2764   5264    154
   162   2767   5278    110
   163   2769   5293    102
   164   2773   5315    117
   165   2775   5322    108
   166   2778   5329    107
   167   2780   5334    117
   168   2782   5331    175
   169   2785   5465     36
   170   2789   5478     33
   171   2792   5496     32
   172   2794   5502     32
   173   2796   5522     40
   174   2800   5538     37
   175   2801   5556     34
   176   2805   5553     36
   177   2807   5562     31
   178   2810   5583     28
   179   2812   5588     32
   180   2816   5615     32
   181   2817   5631     43
   182   2821   5643     35
   183   2823   5639     32
   184   2826   5655     30
   185   2828   5678     32
   186   2832   5689     37
   187   2835   5702     33
   188   2837   5721     31
   189   2839   5738     32
   190   2842   5735     31
   191   2844   5750     27
   192   2848   5762     29
   193   2851   5778     26
   194   2853   5790     28
   195   2855   5807     27
   196   2858   5815     25
   197   2862   5837     27
   198   2864   5846     29
   199   2867   5866     26
   200   2869   5874     34
   201   2871   5895     29
   202   2875   5906     26
   203   2878   5920     28
   204   2880   5929     25
   205   2882   5946     31
   206   2885   5960     32
   207   2889   5974     25
   208   2891   6002     33
   209   2894   6010     30
   210   2896   6015     35
   211   2898   6032     27
   212   2901   6049     33
   213   2905   6050     31
   214   2907   6081     32
   215   2910   6086     31
   216   2912   6114     31
   217   2916   6113     35
   218   2917   6141     32
   219   2921   6142     27
   220   2923   6169     33
   221   2926   6171     36
   222   2928   6184     37
   223   2932   6200     33
   224   2935   6227     33
   225   2937   6235     35
   226   2939   6255     39
   227   2942   6266     36
   228   2944   6284     38
   229   2948   6299     33
   230   2951   6311     29
   231   2953   6331     36
   232   2955   6342     49
   233   2958   6361     32
   234   2962   6379     40
   235   2964   6389     36
   236   2967   6408     35
   237   2969   6418     31
   238   2971   6440     33
   239   2975   6448     42
   240   2978   6464     40
   241   2980   6484     54
   242   2982   6500     38
   243   2985   6514     64
   244   2989   6536     41
   245   2992   6554     31
   246   2994   6564     53
   247   2996   6583     34
   248   3000   6595     49
   249   3001   6619     58
   250   3005   6632     47
   251   3007   6651     48
   252   3010   6660     66
   253   3012   6683     59
   254   3016   6710     42
   255   3019   6719     36
   256   3021   6734     75
   257   3023   6751     62
   258   3026   6770     58
   259   3030   6780     62
   260   3032   6801     63
   261   3035   6816     66
   262   3037   6838     51
   263   3041   6852     67
   264   3042   6877     43
   265   3046   6883     49
   266   3048   6908     52
   267   3051   6921     71
   268   3053   6941     97
   269   3057   6956     67
   270   3060   6976    127
   271   3062   6998     58
   272   3064   7010     77
   273   3067   7034     53
   274   3071   7047    101
   275   3073   7067    126
   276   3076   7084    166
   277   3078   7108     64
   278   3082   7120    123
   279   3083   7139     59
   280   3087   7160    109
   281   3089   7178    179
   282   3092   7193     41
   283   3094   7212     77
   284   3098   7234    173
   285   3101   7250    107
   286   3103   7266    108
   287   3105   7291    142
   288   3108   7308    194
   289   3112   7324    166
   290   3114   7342    162
   291   3117   7366    401
   292   3119   7393    571
   293   3123   7404    653
   294   3125   7426    161
   295   3128   7442    172
   296   3130   7471    650
   297   3133   7485    690
   298   3135   7495     84
   299   3139   7520     57
   300   3142   7533    103
   301   3144   7556    105
   302   3146   7574    182
   303   3150   7596     79
   304   3153   7615    286
   305   3155   7636    251
   306   3157   7662    303
   307   3160   7672    357
   308   3164   7696    527
   309   3167   7704    112
   310   3169   7738    258
   311   3171   7745    173
   312   3175   7764    110
   313   3178   7793    418
   314   3180   7807    208
   315   3182   7825    365
   316   3185   7844    173
   317   3189   7868    166
   318   3191   7891    178
   319   3194   7909    223
   320   3196   7926    302
   321   3200   7949    396
   322   3202   7967    250
   323   3204   7981    180
   324   3207   8008    271
   325   3210   8030    380
   326   3213   8039    204
   327   3215   8072    304
   328   3218   8087    322
   329   3221   8104    202
   330   3224   8126    192
   331   3227   8147    160
   332   3229   8169    193
   333   3232   8196    222
   334   3235   8210    427
   335   3238   8234    232
   336   3240   8239     90
   337   3243   8261     87
   338   3246   8296    153
   339   3249   8314    185
   340   3252   8328    204
   341   3254   8349    141
   342   3257   8371    166
   343   3260   8397    199
   344   3263   8407    157
   345   3265   8354     11
   346   3268   8374     11
   347   3271   8395     11
   348   3274   8411     12
   349   3277   8401     10
   350   3279   8458     13
   351   3282   8482     11
   352   3285   8497     12
   353   3288   8492     11
   354   3290   8544     13
   355   3293   8562     12
   356   3296   8560     12
   357   3299   8600     13
   358   3302   8627     14
   359   3304   8617     12
   360   3307   8671     13
   361   3310   8664     13
   362   3313   8717     13
   363   3315   8711     11
   364   3318   8765     12
   365   3321   8778     14
   366   3324   8799     13
   367   3327   8840     12
   368   3329   8842     13
   369   3332   8837     13
   370   3335   8894     14
   371   3338   8919     12
   372   3340   8935     14
   373   3343   8959     14
   374   3346   8981     14
   375   3349   8970     13
   376   3352   9023     15
   377   3354   9044     15
   378   3357   9073     15
   379   3360   9074     12
   380   3363   9113     15
   381   3365   9141     15
   382   3368   9133     16
   383   3371   9194     14
   384   3375   9210     15
   385   3377   9230     16
   386   3379   9232     13
   387   3382   9274     16
   388   3385   9297     17
   389   3389   9306     15
   390   3390   9343     16
   391   3393   9352     17
   392   3396   9395     16
   393   3400   9398     16
   394   3403   9447     15
   395   3404   9438     15
   396   3407   9492     17
   397   3410   9509     18
   398   3414   9534     18
   399   3417   9565     17
   400   3418   9585     19
   401   3421   9585     15
   402   3425   9645     15
   403   3428   9634     15
   404   3431   9684     17
   405   3432   9681     18
   406   3435   9730     18
   407   3439   9737     17
   408   3442   9777     19
   409   3445   9806     19
   410   3447   9807     17
   411   3450   9858     17
   412   3453   9860     16
   413   3456   9904     19
   414   3459   9904     19
   415   3461   9952     19
   416   3464   9960     20
   417   3467   9995     22
   418   3470  10010     21
   419   3472  10048     22
   420   3475  10078     22
   421   3478  10081     20
   422   3481  10128     20
   423   3484  10136     20
   424   3486  10160     20
   425   3489  10202     23
   426   3492  10212     23
   427   3496  10253     26
   428   3497  10262     23
   429   3500  10308     24
   430   3503  10332     25
   431   3507  10343     20
   432   3510  10383     24
   433   3511  10398     19
   434   3514  10436     25
   435   3517  10448     20
   436   3521  10487     27
   437   3524  10498     27
   438   3527  10539     28
   439   3529  10557     24
   440   3532  10597     23
   441   3535  10614     18
   442   3538  10647     22
   443   3540  10663     22
   444   3543  10682     22
   445   3546  10730     24
   446   3549  10736     26
   447   3552  10783     26
   448   3554  10793     26
   449   3557  10830     20
   450   3560  10857     26
   451   3564  10874     27
   452   3565  10917     31
   453   3568  10929     25
   454   3571  10957     28
   455   3575  10998     31
   456   3578  11013     30
   457   3581  11050     38
   458   3584  11074     29
   459   3585  11097     29
   460   3589  11128     24
   461   3592  11168     27
   462   3595  11182     26
   463   3597  11225     27
   464   3600  11238     34
   465   3603  11272     28
   466   3606  11308     31
   467   3609  11320     32
   468   3611  11349     37
   469   3614  11379     42
   470   3617  11415     34
   471   3621  11438     34
   472   3624  11465     35
   473   3625  11493     37
   474   3628  11532     39
   475   3632  11553     30
   476   3635  11578     34
   477   3638  11611     44
   478   3640  11640     35
   479   3643  11668     39
   480   3646  11698     44
   481   3649  11728     50
   482   3652  11758     30
   483   3654  11786     31
   484   3657  11815     29
   485   3660  11842     34
   486   3664  11872     37
   487   3667  11907     37
   488   3668  11930     40
   489   3671  11969     47
   490   3675  11989     42
   491   3678  12021     40
   492   3681  12052     43
   493   3684  12079     36
   494   3686  12108     50
   495   3689  12138     45
   496   3692  12172     42
   497   3695  12199     67
   498   3697  12231     65
   499   3700  12262     57
   500   3703  12292     66
   501   3707  12319     70
   502   3710  12351     65
   503   3713  12385     70
   504   3715  12419     61
   505   3717  12445     72
   506   3721  12466     13

